,F1-a,F1-also,F1-and,F1-ask,F1-at,F1-bags,F1-big,F1-blue,F1-bob,F1-bring,F1-brother,F1-call,F1-can,F1-cheese,F1-five,F1-for,F1-fresh,F1-frog,F1-from,F1-go,F1-her,F1-into,F1-kids,F1-maybe,F1-meet,F1-need,F1-of,F1-peas,F1-plastic,F1-please,F1-red,F1-scoop,F1-she,F1-six,F1-slabs,F1-small,F1-snack,F1-snake,F1-snow,F1-spoons,F1-station,F1-stella,F1-store,F1-the,F1-these,F1-thick,F1-things,F1-three,F1-to,F1-toy,F1-train,F1-we,F1-wednesday,F1-will,F1-with,F2-a,F2-also,F2-and,F2-ask,F2-at,F2-bags,F2-big,F2-blue,F2-bob,F2-bring,F2-brother,F2-call,F2-can,F2-cheese,F2-five,F2-for,F2-fresh,F2-frog,F2-from,F2-go,F2-her,F2-into,F2-kids,F2-maybe,F2-meet,F2-need,F2-of,F2-peas,F2-plastic,F2-please,F2-red,F2-scoop,F2-she,F2-six,F2-slabs,F2-small,F2-snack,F2-snake,F2-snow,F2-spoons,F2-station,F2-stella,F2-store,F2-the,F2-these,F2-thick,F2-things,F2-three,F2-to,F2-toy,F2-train,F2-we,F2-wednesday,F2-will,F2-with
F1-a,1.0,0.5638930314545525,0.2530134594508691,0.48164676490781005,0.4625696882913347,0.4371236581597826,0.44586993152303095,0.2668000288191936,0.5447121011029344,0.4213624477959674,0.570126988293861,0.5025843996463313,0.2105165461037465,0.19865398791225372,0.5429760192528821,0.4277952344553773,0.5554840574720767,0.5305078291901766,0.17986977727270337,0.4428754336118929,0.4994968701153063,0.2327521964326078,0.5367140790320081,0.352312156006291,0.28152634901537915,0.44214291736577965,0.3840716079358419,0.21077511871385515,0.5809491437932804,0.38962982786174466,0.5388786247852876,0.44535376228895496,0.08562964322105297,0.46417462358064404,0.49832332374332255,0.44099937395306715,0.509262766718454,0.49435372495116314,0.44736632821411026,0.33387918625344076,0.04311901687118127,0.32263605598710815,0.3712220161184101,0.42268801561928054,0.4490703008243054,0.46640589854135256,0.5417353559561972,0.4008278407318133,0.2817925397630171,0.5081527021031386,0.4429409516384661,0.32215296865080334,0.46594902173804825,0.3842434629640024,0.40209432023503816,0.30992066687880754,0.24702953567878166,0.37172434896959206,0.22609548732375917,0.25538138240916575,0.2899641700939851,0.516313226421245,0.29850267345105547,0.41050594019254777,0.3393030412637709,0.3542379265782541,0.3314088939291187,0.3481520033475017,0.41031586178308427,0.44405664852423427,0.20950274447603098,0.4561416383191973,0.3359980410829814,0.060600017037408846,0.16353095571842644,0.23699058303668835,0.4217612066873212,0.3886892029544349,0.4010726655060317,0.29103376229914424,0.18536116672364128,0.24399985983393233,0.38327206181595347,0.34487929714753507,0.3318430833152003,0.4199554572969873,0.24411472574155232,0.41443548027023025,0.45266633538552214,0.3270062886991396,0.28283861867896365,0.31018812197927076,0.3129490869447764,0.25180552640206866,0.2705057683343355,0.15358505372543735,0.28258928146392914,0.11610197480611428,0.4417059933461155,0.3748010352521662,0.39780078678531283,0.41096634413902555,0.48665530080219804,0.33942567969161985,0.2894942435393203,0.30210790723555964,0.37658063729600366,0.3591492833893272,0.11462771165916669,0.29620061964206884
F1-also,0.5638930314545525,1.0,0.19471796945366973,0.5211315859077092,0.3814222769352684,0.43265460433270414,0.3259390969705052,0.20414071822995986,0.7058922671222695,0.3592083394482514,0.5606032339866734,0.7650632282249319,0.2047689315722934,0.155657624535784,0.6477758213676363,0.32086116235723067,0.5629781658181479,0.7209809422107255,0.21327503651938443,0.47918638736604036,0.4320425164120446,0.09501743079694835,0.49217234665193815,0.31803165284813,0.24779154268747683,0.40142960994146387,0.1876280081446429,0.11370078752942243,0.5759572676206007,0.3620873195552925,0.5462762806400548,0.3771137046355447,0.08513381821669502,0.3549249112017199,0.5266148498960749,0.6864569233262949,0.4892155966678616,0.4648306896335897,0.4469246495928849,0.31217124128735424,0.08757015754629208,0.31928686905558223,0.46224691802854356,0.324599246611538,0.3821199093356871,0.3897635453716691,0.5332006864574481,0.3530641422978432,0.19063603909303647,0.5346531991301734,0.41584469875430435,0.30525026572158176,0.41777421698575706,0.33761879139530987,0.27749525625739674,0.42516889294596527,0.28312631317097775,0.5177260853433097,0.4677421984433449,0.4238860404640325,0.38489984465250937,0.5013019370358315,0.20272808855442231,0.5527192968829336,0.301837414395594,0.43721110481342157,0.4102322243811718,0.3803929675878006,0.42359844572779115,0.48177311435896003,0.22162018432699124,0.404032834020551,0.42335938655193806,0.18972504755384098,0.20658389619958512,0.26783330329635086,0.3371027328546148,0.33077395679055066,0.43481753011228585,0.2744300669402213,0.2600603362032267,0.2268577284654507,0.41326675519506306,0.43655882830649734,0.34647766376112943,0.3667532811376753,0.24363103538052347,0.38102319003096075,0.45324821066395743,0.4411592427222061,0.3513395531492293,0.4051995764286866,0.2739651475495759,0.29470833009083675,0.2781191507796512,0.12939920340528085,0.30422576464572065,0.21479695081194025,0.40471762153310936,0.41640679794344426,0.3832984478640459,0.4284264598561433,0.3115824493721388,0.23718401966892141,0.26607727226663713,0.31741524682112016,0.44202772558261977,0.3670821429068438,0.10936514556921878,0.2626132689629313
F1-and,0.2530134594508691,0.19471796945366973,1.0,0.3211051288254625,0.23234441129473601,0.34721504867697983,0.20510373697772716,0.07285061483307984,0.21046603909778774,0.17725696365842164,0.3353521944131384,0.18985418927462594,0.10921827965804892,0.07021177907236317,0.27528928806707836,0.22626014257123694,0.3178108188340381,0.278302191188526,0.2160934453047615,0.2351729607781196,0.2863231889641319,0.1263370520283049,0.2412587396186748,0.20058267087309303,0.12922693493596743,0.13859980448609163,0.1681047723049088,0.05703205458651723,0.33618118047731854,0.1474744327612801,0.3063930109153865,0.25348057775883115,0.13769469811624044,0.21960292920861058,0.36378611602477046,0.20888489205151053,0.3027964331380092,0.2119515128663143,0.19617412756958993,0.17593140954352285,0.07871582216378294,0.20673780486508828,0.25605914852688477,0.23460044285593862,0.18581915787838924,0.2319501673055638,0.18114819787394465,0.17264814405036308,0.10396875680980165,0.2690480983712531,0.19879848821548526,0.09337088095432912,0.3075968313740109,0.16506442539592076,0.17568519593639198,0.17578686952013495,0.11527011248727419,0.3459777849907991,0.03314146042786674,0.19489139197951358,0.06550396843929505,0.265065213722272,0.146276922619389,0.11579878353830723,0.10790013274810571,0.22504864823826748,0.16489880524530226,0.12437729669673177,0.15825039503279012,0.16033698781976544,0.25353288332869167,0.1434473928891805,0.18423142792212446,0.18352271533027054,0.16166490216108534,0.23035982913734496,0.22830606661673195,0.17382502890753745,0.15496617585804778,0.1185508381872006,0.0959898999281234,0.1529828722656919,0.1954011818042035,0.11767777950211009,0.20089035484609868,0.12963012267756951,0.1876084530623997,0.24921466378139148,0.25271176463969885,0.05819336563563818,0.19469029714462013,0.11265196060268734,0.08582408816620857,0.20904652076368416,0.10266899466132383,0.08247219050851033,0.17595218437562357,0.15619380512458433,0.2854536725159107,0.1801778449018764,0.19787589521131974,0.2438275081355335,0.1498713151759223,0.16094508767012472,0.237273790973009,0.1247707173359778,0.16191749145103543,0.12977464211584472,0.12555224409052096,0.2142307307194941
F1-ask,0.48164676490781005,0.5211315859077092,0.3211051288254625,1.0,0.43640151997093857,0.6330708904431628,0.20982212348650953,0.10846584707971615,0.5888217441392003,0.29991673109806,0.5100567379760674,0.5295347630642838,0.10554514852751241,0.11734549843803006,0.6842482058896976,0.31554195677195745,0.6016310706969649,0.6219277456975961,0.16661014456577877,0.41377310348095003,0.3791024776925576,0.16809396348461697,0.5845760924501808,0.24125698707643145,0.24979037982556798,0.37684503724417157,0.1866671392611411,0.14995069438471328,0.7423362436140089,0.12496527484074484,0.6425758065926939,0.19796141113537707,0.10876404348419212,0.27672243864271967,0.7248657266723978,0.49682207552055535,0.7205684876309809,0.37050441345532364,0.40524259106959226,0.21477336004764216,0.030656447333614674,0.3844287428565051,0.3544620835893954,0.265943740579736,0.2378710629072648,0.31147217199807986,0.3660450062827882,0.2225945147106555,0.11562285924345753,0.4840078945212031,0.3179605020752367,0.3031942484560198,0.5310817843526752,0.25493112866677003,0.2741734690851767,0.38264638495442527,0.26620164319091855,0.29984052221901464,0.16533648127712716,0.284330999210381,0.1958854796876358,0.44683421534035833,0.3101391555559146,0.33777878033355274,0.3655490316636979,0.4595393061635034,0.287584982354117,0.3180669582604479,0.40141878382897794,0.44285709820373065,0.3471499175918668,0.38264148348898536,0.41370645588632327,0.15272245177287552,0.26106390000641094,0.39872217633084484,0.37172755548372605,0.30364619543256166,0.4525379216338091,0.276464617715841,0.304772560637149,0.26755673219648723,0.3919111431259658,0.2435974916554826,0.40604477868515304,0.28273397937925066,0.29449104703330625,0.37969509764019715,0.4335321923696304,0.16827700654446198,0.3301438573634342,0.288404207813074,0.3278355426238261,0.35171980336578607,0.2862557267634774,0.09527228256269844,0.310703589950696,0.17956394550079824,0.38177657396175163,0.4479492445788533,0.36814517016551146,0.4950454231932103,0.36944173072577835,0.3307609689418487,0.4057623267920019,0.39972406217493367,0.4318359060441232,0.2858201878010504,0.11611511014337733,0.30701605241288454
F1-at,0.4625696882913347,0.3814222769352684,0.23234441129473601,0.43640151997093857,1.0,0.4318441068756833,0.16711090173870935,0.0798395807436053,0.424389892600447,0.28622504228929063,0.4181300309694553,0.3965615583142501,0.09032240503977172,0.16567968444009776,0.40205431408258424,0.2855069803187499,0.47878408497942815,0.44613747142331267,0.12559810608838431,0.36413085151582403,0.3049526676484088,0.20648602003468997,0.41774349923528165,0.20437445392760895,0.21802840557141398,0.27359447092395456,0.27091365105777354,0.2086718706877089,0.41582722084624296,0.1165634708395773,0.4784869739812178,0.14569016997464412,0.09261905034892665,0.24862097654214038,0.5121876940017254,0.379099407721676,0.4279887272344359,0.350211762436508,0.4161163536837536,0.21298872490571874,-0.02527498463689552,0.31651454161951176,0.2467691494839807,0.23765923455480434,0.20075826936138852,0.3636700632955288,0.31983667817164946,0.1406401591187423,0.13313780990717733,0.3259215342902721,0.27862600346613464,0.19472900217382785,0.4068969465064744,0.21904464437144014,0.2085431354832081,0.33470140387449293,0.09711827303738711,0.28759153119836645,0.1415942695121412,0.09586017221499847,0.19510371035299176,0.42639480356821935,0.27923718331112457,0.31636417925918064,0.274938833732024,0.3203360393710751,0.18186532928912452,0.23775265448457164,0.30386747888287474,0.30378449942910934,0.164691870314842,0.29380408763861554,0.34859286408109724,0.03571245180176905,0.16720796928342715,0.25677636102317986,0.4240442262467508,0.3126487322831693,0.31753070521975935,0.2391437148722381,0.19664037526505665,0.20719369859844458,0.2917803569522219,0.30471616876418817,0.2961765774982656,0.3373756312777395,0.19969177274017366,0.2935472714359107,0.3990225945218025,0.23650317721020803,0.23663603335864714,0.26164325768731667,0.23245796794175808,0.308929109863469,0.25303085009865256,0.03969275274854244,0.2852627588087232,0.05935618628461998,0.31299203342980836,0.33912799308086317,0.32394127182416305,0.4028657651963476,0.36672278517928675,0.3204201147406613,0.29071161148570224,0.25566984718478564,0.3762466001027938,0.3180233648577302,0.007888769401833137,0.3029952660831544
F1-bags,0.4371236581597826,0.43265460433270414,0.34721504867697983,0.6330708904431628,0.4318441068756833,1.0,0.29853989635219336,0.1428210943500685,0.545960132440427,0.2914580648107674,0.5160248794979864,0.39370813412136185,0.12498790904518434,0.17896025458065118,0.5585682760173912,0.2893967130092175,0.5903314988893524,0.5675406819480372,0.09859016348157541,0.41962043911023056,0.4054418186820842,0.19260616881305426,0.5867667677975418,0.29262695338070865,0.2427809017233162,0.37358675721695894,0.24326333676283257,0.1632177352859994,0.6475734330005931,0.22221632780952116,0.645461033282744,0.27348433154384916,0.14838079896396825,0.33159126348448276,0.6981075024116278,0.4129299091104103,0.6060093933472347,0.38880740872053565,0.3509144752395168,0.2230130795701662,0.0502383003440284,0.3675268941276536,0.34065081538326464,0.28338270189979364,0.340311012322683,0.37408795901090147,0.38935195017888885,0.28472396979420367,0.17773845219212817,0.4215183543821183,0.3405198444241455,0.23697882749133053,0.5075178768101852,0.23385835002172128,0.24447396316048353,0.44847408763849045,0.2945438156570716,0.2773966297305624,0.05096016001351007,0.32566879470272875,0.16527380614671808,0.4610092185704649,0.3412892085325005,0.3062014756684749,0.31972679715871544,0.37122192497792883,0.2417737970079751,0.3154141282472184,0.41912618769624416,0.3597515588022097,0.3948076793024182,0.34221244806666096,0.3778078219128894,0.11500364148941275,0.31145493334965724,0.3511148070995086,0.42213219157493154,0.3296835767931923,0.3880635034961163,0.3017843643974253,0.2826271066947201,0.30576835898652577,0.4066059273745175,0.1999378856502416,0.3619891013295218,0.247501897121849,0.3957546371327423,0.41248157396230534,0.5145432433216145,0.12879863798685706,0.26234367221600974,0.24015576392180712,0.2909027313292073,0.43182333368558445,0.37235445767914127,0.11070851180544983,0.33119164117605887,0.15728318970625862,0.4201875468886391,0.40411695294597244,0.39399044753214774,0.4832926058308218,0.36587442866456293,0.39295194740128364,0.38399173380853385,0.3758680060599601,0.37578338805107764,0.26451488081744695,0.05840546742056839,0.30023506377857995
F1-big,0.44586993152303095,0.3259390969705052,0.20510373697772716,0.20982212348650953,0.16711090173870935,0.29853989635219336,1.0,0.5277313677856335,0.3288821091630292,0.4223886164336006,0.37852373644369364,0.2659647635787954,0.07239512504012968,0.3439048380707701,0.28375052811992535,0.201176759943975,0.3820350149587224,0.2838419837686583,0.16622065384922513,0.2453855897832545,0.46337983967251356,0.2121589426278883,0.42315998206038596,0.16312722081942232,0.21305089041043196,0.21683758309983953,0.34725300594871494,0.06226248644466932,0.359372819459502,0.4923602350230362,0.3356126338783259,0.7670765574420957,0.0872044222121907,0.7031961985935499,0.27882328154824065,0.23838395031314455,0.2835368492143898,0.20001036950679857,0.2105641932875023,0.3542589967408102,0.20729694418804698,0.21638974237889574,0.2982215075990628,0.34241967636723214,0.6597526392946029,0.6196875646341905,0.5128686625746223,0.8353669782393407,0.2801764335189392,0.2975263194112444,0.173887588418204,0.09017412849831152,0.2760129928343676,0.19411961181014803,0.38147867808233205,0.19380869905943346,0.295269845948,0.15929244099091022,0.09947021696238062,0.12529064884802701,0.10043062035859764,0.27933531074330126,0.30587166125908677,0.32026939647465985,0.19107851080986912,0.1290895009858875,0.2091317412449945,0.12263774520689817,0.23394980879838898,0.24150436908382872,0.15333510458450827,0.17719707382574898,0.19828677638985887,0.10437542946495514,0.08475368199580216,0.1312849094702526,0.23497973525178026,0.15776404537875355,0.1634157781249883,0.12573359948617654,0.08407203735484028,0.2722284955183236,0.18255411499613755,0.10777521418370492,0.19840187188386096,0.12163191567696965,0.2929233034877701,0.1699001507490177,0.33943663677558844,0.07834550571347562,0.13925451736244668,0.08550485872596758,0.11795715928692257,0.13059249554596672,0.24612382533788188,0.16116040162412096,0.3244642170092191,0.27888045323814636,0.24978247260702224,0.20419603664017072,0.22527636839378493,0.20602593106861644,0.2674286763005111,0.17139210176231826,0.19317074916419838,0.19290348111662584,0.19530081394726978,0.09035428117547493,0.15809897329594974,0.18102236845373873
F1-blue,0.2668000288191936,0.20414071822995986,0.07285061483307984,0.10846584707971615,0.0798395807436053,0.1428210943500685,0.5277313677856335,1.0,0.2147075885379508,0.46424958037444664,0.20026679506458506,0.11606346559173625,0.041771531438315086,0.41491747512927796,0.19573633423813003,0.15988246193121408,0.34423098675221164,0.1883829790981025,0.12581257011535937,0.31036161430906367,0.3965702175655208,0.26368504274681526,0.22058217954576267,0.09622800852055896,0.26089769494447945,0.1220781471716278,0.3144179690762843,0.2928454772834366,0.1953192356438599,0.3058643866901645,0.20370238283728528,0.46040608682364875,0.13775762614897483,0.5777562919377404,0.1597676719896752,0.15925546695764234,0.1653860685766699,0.1430028787290445,0.2729187675115764,0.35078701665177187,0.09744469803264111,0.10564780115683554,0.3026624973538303,0.275103266358034,0.3987247295695758,0.34184791011374616,0.28778355361939156,0.5098380792076436,0.4009508994965934,0.20178485385918787,0.13406352450245926,0.3301155719946679,0.11951817172014091,0.2372857443710781,0.2365430936638305,0.08804226259948283,0.2011198649954683,0.09918421795217706,0.05139008912700717,0.057285112720913064,0.08231695704012928,0.1557785627999882,0.41236897711973314,0.17070019342882325,0.13615379670119757,0.07076644578694484,0.18321623763759823,0.0855961913450598,0.14918587843973816,0.16303205831122639,0.09356414520368556,0.12784917818639718,0.12614749020715826,0.056705070446825726,0.1471297886693771,0.12393027179461584,0.23671786781322388,0.1254067829186317,0.059673913653409606,0.07941689367625115,0.04925805720473077,0.263731099952081,0.08662331445846326,0.04921685017032739,0.06519800301374754,0.08311064600688846,0.21681879477037688,0.10432288003677312,0.23496079994443034,0.0415606847356428,0.06997742120588962,0.0807729385632195,0.018174500363288493,0.12221307234259712,0.1440478109399829,0.08485655774422247,0.1739669629407206,0.2952851006739118,0.19895998897224884,0.07349102642458577,0.10013444281988226,0.12348731284912706,0.13935237657268898,0.21802646910690246,0.0913589739423038,0.04746259926706026,0.1144029610483811,0.10714640474917835,0.19473608987617747,0.11038818741502854
F1-bob,0.5447121011029344,0.7058922671222695,0.21046603909778774,0.5888217441392003,0.424389892600447,0.545960132440427,0.3288821091630292,0.2147075885379508,1.0,0.37600859204801085,0.6128455355734036,0.691721789458369,0.21536504317984634,0.20422434162741412,0.7023334795754553,0.3628617131550801,0.630534169758512,0.8052815493719819,0.2560745577207513,0.5273929938993995,0.4901086107541777,0.1822753500901205,0.6349809807748353,0.2690553234758027,0.2840514230976171,0.3910140197420172,0.2588969905546933,0.15971295926244694,0.6236894496756599,0.26982375543658255,0.6330893287982509,0.33601850190229055,0.12867777484850693,0.36885072771219596,0.5929285892707891,0.6565340082282793,0.565252833011274,0.44317732971481655,0.5336514028126011,0.3378746938746228,0.06984069617761884,0.426810466740892,0.5167314681226155,0.3323867943076944,0.347228232074387,0.3384279778812542,0.47780570520921867,0.35901906454015103,0.226749130752942,0.5382720034578126,0.4198912467793886,0.33535778363400687,0.5412776863423203,0.4103122211575055,0.33765205500559736,0.4667428732030486,0.32566608237794625,0.44302601084411153,0.4059429821434791,0.3229818447920092,0.3651536941190218,0.516457632039648,0.25803226754690095,0.6596789502098355,0.3464211080550961,0.5009321064358623,0.413350926272869,0.3324560267153891,0.40308223988379327,0.5039962031708053,0.31470953435126875,0.3822619724932583,0.4702255872047706,0.23517303133334538,0.2810545524172572,0.39611122857390035,0.3674194089313514,0.2958724802867855,0.45747752070330205,0.2791891458631758,0.20772115086380347,0.27768451080348483,0.3688034700498676,0.4282185804511482,0.3342663553066716,0.31401996114142683,0.21049587651720836,0.4035227849895587,0.4556064015681444,0.4039573671316892,0.3776110987821788,0.44784457799112365,0.301447483248528,0.3799486154073485,0.2795521376432354,0.024641863985181166,0.350371904877588,0.3214249692902965,0.44915403579846,0.40400070991147263,0.3604776120653248,0.5204647813845046,0.3202298539442441,0.3046858177920066,0.38388892345014475,0.3518278648710678,0.42653699981668886,0.3318603823744745,0.20632137854284593,0.3042887043882601
F1-bring,0.4213624477959674,0.3592083394482514,0.17725696365842164,0.29991673109806,0.28622504228929063,0.2914580648107674,0.4223886164336006,0.46424958037444664,0.37600859204801085,1.0,0.33726573585549285,0.3510100944444024,0.13365794498917102,0.26864745412185487,0.3410792635935282,0.34187689992728354,0.5431476543131749,0.38577391834087993,0.2563682278954228,0.5165275242997442,0.5170306277992627,0.2976297358953298,0.4386761735360324,0.30520375259253024,0.17526195559976834,0.36930644524373374,0.4042227018313167,0.45562524145358985,0.30817954450280116,0.20703639260378365,0.4109404920792503,0.4106290194652275,0.245795529379217,0.6115534127007077,0.32744290571494195,0.3623862788269914,0.31968125918162443,0.38265275326171794,0.5190102577699015,0.6013988636067464,0.09670637378936199,0.22966694519117162,0.3685536494532859,0.37264966999408733,0.15008882594402556,0.19904677152842856,0.43166710755223636,0.3733702774383932,0.23550254363928383,0.36906629164014576,0.34797809996357154,0.44228276180387793,0.2938397956610462,0.45485320431112375,0.39910176081237936,0.2007939172069479,0.13766192631408042,0.2559447640002005,0.14553875241948683,0.21678214619013678,0.1401104488525521,0.26671387216396114,0.31983995911703855,0.199469181853461,0.21349571150826968,0.19859095957196238,0.21173323288992477,0.18186938773371444,0.2373405544980772,0.19771632496872948,0.12234142526313349,0.30331138181790696,0.20504416340556803,0.14695253148949752,0.23458568263449084,0.14577267852001644,0.3087627362100559,0.2254957696762026,0.20294114271050231,0.1561848520228729,0.09225462511449681,0.3464291881839647,0.2414498374826033,0.19523976626981282,0.13496210923036026,0.2599070612797637,0.252663321926424,0.2967626329453327,0.3581624346338736,0.17686049081828217,0.1914672221605877,0.12932012539915794,0.12649688694878655,0.25926504083702584,0.2564558708782994,0.14318245516373526,0.10064808371488791,0.2125392833721247,0.34474025357569466,0.1885449276804074,0.18350631761445163,0.18162622781942878,0.22342253772738246,0.19241329252072534,0.1592612156111983,0.14271209030122142,0.19754911586015636,0.20712438255895732,0.22819522944467405,0.26234710232572467
F1-brother,0.570126988293861,0.5606032339866734,0.3353521944131384,0.5100567379760674,0.4181300309694553,0.5160248794979864,0.37852373644369364,0.20026679506458506,0.6128455355734036,0.33726573585549285,1.0,0.5092994868994606,0.2260091825534238,0.2583909439182689,0.5805810372416627,0.37391903270312155,0.6388937295082868,0.6261775766936308,0.22707230784344154,0.49930653870135855,0.5974543830758917,0.22525489049311834,0.549271148151373,0.2714203685516898,0.27557012906058515,0.3802508095517569,0.3084278231207253,0.15479292315503995,0.60790676064631,0.3581204674617135,0.5924839900120844,0.38012418426952516,0.1244021004517329,0.3983034820888266,0.5842656526850495,0.528508515391602,0.5453241851662723,0.3883994791572415,0.44438662081439156,0.3347840148114059,0.1099325693342498,0.38304699801682424,0.527381097715909,0.35845949680389594,0.449550923247405,0.45807467252161094,0.5581501263677046,0.365364767978858,0.2345599616292741,0.5034928222652344,0.38403244164214134,0.27652033944721316,0.5050541461396866,0.28520473383559275,0.3522379929530492,0.44585591583034284,0.355130150142381,0.4008043491632196,0.2659960122990286,0.3496694142093557,0.3600322211212483,0.5078063498090564,0.2506854242868162,0.46138625605735895,0.3053312785775436,0.5338653603010399,0.2917289598482988,0.2962036558577929,0.41356433122877473,0.480263858156703,0.2741667403104258,0.41254294263949964,0.4205353630474986,0.19721515540482698,0.2941450087729696,0.3714670434843421,0.4283356048089588,0.35780772959561924,0.4202394929673006,0.2919302197442526,0.239240392393561,0.3224056226353425,0.4017247331807716,0.44164385482192625,0.3662928193316767,0.41317418011321927,0.2579302835941945,0.4225608060170088,0.46932453867509877,0.3719570759432946,0.3563756636060251,0.4101663179283997,0.33880207254569483,0.33375782533030096,0.2643532652628415,0.15578777150139636,0.34050636538565593,0.29298253617993864,0.48320261316459506,0.3973797379862853,0.41792824796816225,0.44945587108808654,0.3697183567028508,0.35940894406345447,0.33670057659514097,0.3595826843708351,0.4245081290030419,0.3515429246659604,0.15577363557282187,0.342975052906807
F1-call,0.5025843996463313,0.7650632282249319,0.18985418927462594,0.5295347630642838,0.3965615583142501,0.39370813412136185,0.2659647635787954,0.11606346559173625,0.691721789458369,0.3510100944444024,0.5092994868994606,1.0,0.25307868541728673,0.1327260940870373,0.6014992050703458,0.3596468013903649,0.5224725208487918,0.6755366003208285,0.2877308188451161,0.45151758279497145,0.40782285750207353,0.10197466314816868,0.503703441957528,0.26064591780309254,0.18159089118893076,0.3535223796243614,0.2456542863025389,0.1251548747051534,0.5410265941591542,0.2636362436200363,0.5092910273433253,0.333146792529642,0.053951697393681,0.3105248853246139,0.4518966227792265,0.6997287294193556,0.4254792522892626,0.3908286745221025,0.4768387209361404,0.32694692978371664,0.1010280451257834,0.3992339918532785,0.42236816351081025,0.3680411887459987,0.3342219628706174,0.3445895614557949,0.4765292831003415,0.28628285293050293,0.13840967897405446,0.5228921224244865,0.41979329280754674,0.28016090845771763,0.4352120577650269,0.37308331613898377,0.3064534484910295,0.38276002046927593,0.2833735241581534,0.48151723185702844,0.4809554346414606,0.3282352168268051,0.3658456615553555,0.4446621663775685,0.13676848451,0.5364688413605359,0.3099343789635543,0.44080249067600413,0.500191472605717,0.3418765556778157,0.34010609900353056,0.4647709259988142,0.19761951351779983,0.37266869689559773,0.3837477416111175,0.21809197938142771,0.14866131857017698,0.2741018939446335,0.29958030858234197,0.23597046857494533,0.3791625465544816,0.2517769228689432,0.18671191958033848,0.22561081396425212,0.32694188967531473,0.4032802818188513,0.2507000205547104,0.3258174165467384,0.15401038513459323,0.36033726924290505,0.36483929583752883,0.409175811079265,0.3412845049880579,0.39751563007490676,0.2674732516101271,0.22614930589727855,0.1999186183584995,0.07883569207038754,0.2850542432472169,0.21678080493137386,0.3861496193634428,0.38446234549739433,0.3162284901320552,0.38529153773612995,0.2726107456140234,0.21268218650310297,0.2846501947677195,0.2988143764042605,0.39066546942617025,0.352731851302428,0.1257064830093392,0.2239929308202429
F1-can,0.2105165461037465,0.2047689315722934,0.10921827965804892,0.10554514852751241,0.09032240503977172,0.12498790904518434,0.07239512504012968,0.041771531438315086,0.21536504317984634,0.13365794498917102,0.2260091825534238,0.25307868541728673,1.0,0.08588597187049232,0.18525299854885274,0.17472582123008237,0.14146270876810232,0.21937751110521325,0.11865778483002337,0.24437244676987097,0.2506323778947712,0.02940569584645508,0.18657542055003432,0.13396757313895424,0.17506184118845688,0.22313521181188067,0.10260632688403681,0.20528737715970094,0.14643614020824083,0.12715066485471802,0.15210817282615177,0.14324558910363938,0.028086695395015487,0.12817739715623472,0.1289547922174374,0.20417012073079566,0.13041055595683473,0.21870680015113889,0.15277501834985943,0.23625362633472782,0.05114604050560201,0.17531757598459902,0.115019606625136,0.1854070023041845,0.19125223837295893,0.09006005279328587,0.19287790412364608,0.028845896473974068,0.1819800437820016,0.24251484013676242,0.25147635904984467,0.20943052550234342,0.2338138366026547,0.2738131119232219,0.2723360759897329,0.1468773545859664,0.11605245883726308,0.10716296155977341,0.09264084094717444,0.139946324072483,0.11019670169457026,0.17710887172329454,0.03850948315303141,0.10294334289154045,0.13238364793283489,0.15072227399657842,0.17197745264084274,0.26240800253456686,0.07563123921266922,0.12923025749456718,0.04478179822457467,0.1251765278582655,0.09420570419367721,0.08216097288579761,0.10612119430138428,0.10320226967511073,0.12006286202539691,0.10474082990936458,0.10672407709180845,0.03426159058741247,0.04819091390756503,0.07259815261083387,0.08324859170723993,0.1722860293430696,0.041063602431634615,0.17718440260505616,0.032347587370095736,0.10872886220384483,0.16059445139648634,0.12052058559633295,0.2354789603199528,0.08326093784625149,0.024507806771381167,0.11350929827192634,0.09165656615250894,-0.03668896558901727,0.06554894607284113,0.06376576733634305,0.17834869664381053,0.06409910748219837,0.11024209163145646,0.1306239841818486,0.12363890363205052,0.15723946882239861,0.041126526693297416,0.01987593657184036,0.15599595343241662,0.1487057721921263,0.12468521740875171,0.2027206220537231
F1-cheese,0.19865398791225372,0.155657624535784,0.07021177907236317,0.11734549843803006,0.16567968444009776,0.17896025458065118,0.3439048380707701,0.41491747512927796,0.20422434162741412,0.26864745412185487,0.2583909439182689,0.1327260940870373,0.08588597187049232,1.0,0.21084907901075442,0.24590142665840986,0.34677944091534263,0.17816059488914956,0.11782708713838243,0.34363366185593064,0.325591236782931,0.35013540315255764,0.11027778695558726,0.11154174667956272,0.42939620237045123,0.08636812202615819,0.2640281695212584,0.3672626782006293,0.1919256442553951,0.3212649629217823,0.14764231175333656,0.3226472314261243,0.15008903102218446,0.5095603247966625,0.203866496474768,0.14672849789642275,0.19139984171850333,0.12010066632254392,0.2848369864104521,0.37478566808273583,0.16459683119622728,0.14231331367954891,0.228342211148825,0.22340123967654568,0.48645097656149305,0.47128377504164587,0.44542355162874536,0.35668534734195295,0.29871588755739636,0.09890504014728019,0.19366038166581478,0.3992617537390442,0.19484817255186454,0.1656342121709509,0.21338161510781717,0.07834904920734573,0.20745705522136645,0.04960357975889105,0.05707939370694464,0.0684268598060206,0.051238180100462834,0.13582481002313232,0.24061651429593436,0.20966350996279745,0.07694923195376935,0.06864409400676491,0.15469956059267426,0.06212810026465647,0.16718614727264314,0.1759510712732729,0.061232948172426756,0.08788871369967281,0.12477183617822027,0.08393076559220239,0.20949963006610178,0.09782560525187597,0.23676124240074067,0.07383012319306385,0.04000589383506281,0.06865133784760812,0.01253124530561778,0.2368487317195667,0.05599238751644845,0.07540332704738262,0.05764497821500443,0.08015749227191418,0.14627830741227665,0.04880821507046856,0.23083678912816338,0.03528980186740174,0.10490501905139536,0.08928044175126464,-0.013875957137676382,0.18009544024924856,0.18106851631957288,0.09827531617435235,0.19143896124149945,0.33672949380628764,0.12486784412614828,0.06160920493802134,0.13505829264254388,0.12392620682969388,0.09464723345142517,0.18493908898130237,0.0954858127344129,0.026531893233986,0.08976632920524451,0.1116401301286403,0.18207914468509584,0.18250658391930258
F1-five,0.5429760192528821,0.6477758213676363,0.27528928806707836,0.6842482058896976,0.40205431408258424,0.5585682760173912,0.28375052811992535,0.19573633423813003,0.7023334795754553,0.3410792635935282,0.5805810372416627,0.6014992050703458,0.18525299854885274,0.21084907901075442,1.0,0.3286845753621667,0.6226847414631297,0.6886935996314625,0.22581029049168722,0.47460501248754605,0.4420443492218148,0.18651353200923926,0.5210611492038165,0.2743792071506014,0.2914623329069483,0.3415888907104489,0.25791385867412603,0.15308340391845343,0.7041518876071305,0.2941793072141113,0.6336462855480335,0.31924157778176243,0.1125835404672314,0.37079873863475116,0.6647888796634615,0.5601993988134607,0.6602024045390156,0.43244733982942385,0.4506967401179662,0.2714481001781724,0.06984780060895392,0.3988163593819881,0.3805440874954105,0.35270735282701127,0.35503502331730175,0.36960916286113216,0.49428112285860043,0.3115937713625597,0.20173003991270935,0.5220762122047246,0.415064582063232,0.3345443720700678,0.5008345744774274,0.3331679214816889,0.2556846604621815,0.40847441684619024,0.25092298850496475,0.40814613477634676,0.3888752431933065,0.363730400223789,0.3927765217690138,0.532640240561307,0.23777018614379175,0.4597821927393679,0.3326702959578558,0.3840055379564921,0.30392341665394085,0.34985924937225993,0.4416474807565887,0.5012077155293116,0.26432187130630685,0.39622388412164006,0.38927873011291364,0.13715776515621048,0.2556509273766396,0.29249680736966066,0.3758015424768207,0.36465480816216234,0.4440524780143794,0.3033433529260767,0.2792552921972215,0.2488959829737145,0.4210776186205349,0.4087850100025497,0.4060463566611705,0.3683196863486264,0.21408453630071875,0.3973938094472773,0.4659163108559548,0.3953645102659894,0.3483370117753008,0.38582850768861027,0.3172550459733327,0.3202206701149288,0.2592132904729456,0.10035893228812615,0.3026948896996698,0.19566063521754926,0.4681520769021022,0.4429589567678683,0.38443872886279834,0.47504090738797256,0.3835177117812513,0.2921160691256288,0.27643725076424136,0.35879911709106466,0.4271337799269329,0.3822022595353921,0.19382149233921067,0.30167709126021164
F1-for,0.4277952344553773,0.32086116235723067,0.22626014257123694,0.31554195677195745,0.2855069803187499,0.2893967130092175,0.201176759943975,0.15988246193121408,0.3628617131550801,0.34187689992728354,0.37391903270312155,0.3596468013903649,0.17472582123008237,0.24590142665840986,0.3286845753621667,1.0,0.4060701406088753,0.3575883793421307,0.2294141073922983,0.4051515533394721,0.485048479427949,0.285417706465701,0.3091643493837591,0.34053624154747697,0.19450986005248386,0.31358820912466995,0.31258051128338854,0.24496293592654825,0.3622568704681609,0.2753381725001425,0.328262539963622,0.2513679877847549,0.23604649673311925,0.289442566279057,0.32849191173933884,0.30942651797192156,0.3101040472796657,0.29433126682075555,0.4530084320681444,0.3591753844816631,0.09187204059025526,0.23315116770853614,0.3838127091641855,0.30272780633710966,0.28020254734776584,0.2881621416294639,0.4109272979921037,0.17977686332350395,0.22519336134990944,0.3967706351985829,0.3701850474004076,0.28340230225713836,0.31599430447800464,0.34541213151760386,0.24624809047372262,0.19700786350340851,0.16535537015097357,0.19276375076535754,0.12024975146827394,0.19786889560254053,0.15393900814291356,0.24047411695931875,0.18372172231177059,0.2724363337543542,0.1512203230142229,0.2524163232217029,0.20064049796078198,0.17452636713231598,0.22338892972136984,0.2190390439768937,0.34879224303110773,0.26000066399118127,0.20656214713125523,0.0993047051896497,0.19362037434598953,0.23098462658039562,0.23618772664117937,0.18769823526896331,0.18075056767786712,0.10156601184195668,0.11450429648538156,0.22159022433930767,0.15577178397149047,0.22059156168126942,0.1132541302282621,0.26372954879138183,0.15900270900975116,0.21780161168266698,0.26330096944708453,0.18993320661829124,0.2404605330649364,0.150657444221376,0.07391650034859741,0.26122425374435,0.22904112440611102,0.11483867692807438,0.13561224968330077,0.16423971233910659,0.23348971389364084,0.2158142046719233,0.25255240928342026,0.22008850453325365,0.21574219069914097,0.20303744262603088,0.227358257921104,0.10126407018764626,0.18776898460208302,0.2023349849596284,0.16806536019667598,0.16126650488552569
F1-fresh,0.5554840574720767,0.5629781658181479,0.3178108188340381,0.6016310706969649,0.47878408497942815,0.5903314988893524,0.3820350149587224,0.34423098675221164,0.630534169758512,0.5431476543131749,0.6388937295082868,0.5224725208487918,0.14146270876810232,0.34677944091534263,0.6226847414631297,0.4060701406088753,1.0,0.6711048011606007,0.24485590965222537,0.6225909568635171,0.5742963988199586,0.3801616616367901,0.6344646906196626,0.30758044769865994,0.31144034031899076,0.4315676741481459,0.44052894731458614,0.3839102136189004,0.6981443541606255,0.33885352719668593,0.7753055300503325,0.358943063203018,0.2650281136545678,0.5811825290671649,0.692460788181386,0.5277524366288319,0.603212563744348,0.46214436162000044,0.603796154340703,0.3890091418973177,0.08019599520479513,0.4013070710692962,0.47949381580715217,0.4128421285068322,0.38808387848284837,0.43429593571214903,0.47388900578855025,0.3576372654445757,0.3276263845930569,0.521041122478476,0.41382672596110287,0.4055563198299478,0.6477857885087063,0.3856853197985657,0.3458833597305744,0.43949129055565406,0.3294422737869957,0.36225857095511876,0.1812229347345971,0.29706038456023764,0.20173368607778963,0.48588889171475313,0.39350006497969114,0.44402808844091046,0.32813739807516795,0.3991540990381646,0.3250974949124854,0.30668755386097407,0.45865686580050025,0.4123668988417951,0.36950729629624246,0.3808526013538173,0.40799299435110176,0.18489647501822273,0.36153870998953125,0.3860570855601223,0.4508814066237049,0.281912075879217,0.44027398937247153,0.3241710153215536,0.27047853564599,0.4515832413002293,0.4781694957809467,0.2816854873959896,0.3940389070660233,0.2544861559524352,0.31500698442350555,0.4724248115947183,0.5453997780152062,0.1989300130474487,0.341587221387662,0.27933398590855474,0.3226229708500205,0.45545134869521353,0.3004744176740029,0.12835567491646951,0.33840068534489776,0.265425576336939,0.46844710577238674,0.40337018559506627,0.4230074769421463,0.4845751787383843,0.36357968524004114,0.41043217239865026,0.3600262257757674,0.3641346278809254,0.472197391845264,0.2419482368215412,0.19202921114557112,0.3248129693191335
F1-frog,0.5305078291901766,0.7209809422107255,0.278302191188526,0.6219277456975961,0.44613747142331267,0.5675406819480372,0.2838419837686583,0.1883829790981025,0.8052815493719819,0.38577391834087993,0.6261775766936308,0.6755366003208285,0.21937751110521325,0.17816059488914956,0.6886935996314625,0.3575883793421307,0.6711048011606007,1.0,0.23792926765364197,0.5414433493062077,0.46251904502018143,0.17915053230973593,0.6246473649492683,0.2794788539961138,0.2586587717768039,0.4154433227338275,0.2599809473154903,0.20181904490763408,0.6350255617187166,0.24749530012576298,0.6856289389291387,0.3152760880781714,0.13502203225970041,0.3699419905591856,0.6842103908418856,0.6668119850625573,0.5813910806831764,0.4691958716824153,0.5337666386965921,0.3359274471780318,0.07992712452285368,0.463376774609091,0.5349575833566528,0.3368803185378847,0.299614029233429,0.34320114215889636,0.4859726301086766,0.3011260276983636,0.2224395068496461,0.5888347519222896,0.441958050332161,0.33639358289217886,0.5636024947800142,0.40303102346407776,0.3336924120823958,0.47012834702336304,0.314673951044901,0.48478176858360106,0.3830558856759214,0.399513697218197,0.33354992641893333,0.5224342489538369,0.29332717279835274,0.5617990847831515,0.31877342106786816,0.5346605199233541,0.40480772278336136,0.36894359166961205,0.41846223887255385,0.49423821363135156,0.3971650835034845,0.36581797558263274,0.6097533685242087,0.2390854483475221,0.278254347564659,0.409856571837221,0.40596343783651634,0.3236470422536833,0.45761760564528503,0.3166068760893623,0.20186278016677847,0.29478420859546556,0.4040142138747649,0.43260553063828044,0.3877521597068617,0.2949306500232239,0.246721619325204,0.3900411261341494,0.4838677014008438,0.37275788736310334,0.40234280860260113,0.42272504650549,0.3260813821190562,0.35540272723150457,0.259042618165065,0.0786929005886453,0.37340977174226747,0.3136873406135217,0.48612773452586777,0.38395745633736783,0.3794132170231989,0.5132513816881146,0.3207300921239296,0.316317465832888,0.42778649615039993,0.3812722065380935,0.43724500376360526,0.3284460846299428,0.1710076632074174,0.32114241831283313
