,F1-a,F1-also,F1-and,F1-ask,F1-at,F1-bags,F1-big,F1-blue,F1-bob,F1-bring,F1-brother,F1-call,F1-can,F1-cheese,F1-five,F1-for,F1-fresh,F1-frog,F1-from,F1-go,F1-her,F1-into,F1-kids,F1-maybe,F1-meet,F1-need,F1-of,F1-peas,F1-plastic,F1-please,F1-red,F1-scoop,F1-she,F1-six,F1-slabs,F1-small,F1-snack,F1-snake,F1-snow,F1-spoons,F1-station,F1-stella,F1-store,F1-the,F1-these,F1-thick,F1-things,F1-three,F1-to,F1-toy,F1-train,F1-we,F1-wednesday,F1-will,F1-with,F2-a,F2-also,F2-and,F2-ask,F2-at,F2-bags,F2-big,F2-blue,F2-bob,F2-bring,F2-brother,F2-call,F2-can,F2-cheese,F2-five,F2-for,F2-fresh,F2-frog,F2-from,F2-go,F2-her,F2-into,F2-kids,F2-maybe,F2-meet,F2-need,F2-of,F2-peas,F2-plastic,F2-please,F2-red,F2-scoop,F2-she,F2-six,F2-slabs,F2-small,F2-snack,F2-snake,F2-snow,F2-spoons,F2-station,F2-stella,F2-store,F2-the,F2-these,F2-thick,F2-things,F2-three,F2-to,F2-toy,F2-train,F2-we,F2-wednesday,F2-will,F2-with
F1-a,1.0,0.5638930314545527,0.25301345945086895,0.4816467649078103,0.46256968829133466,0.4371236581597823,0.4458699315230309,0.26680002881919385,0.5447121011029349,0.4213624477959673,0.5701269882938608,0.502584399646331,0.2105165461037465,0.1986539879122539,0.5429760192528829,0.4277952344553776,0.5554840574720772,0.5305078291901766,0.1798697772727034,0.4428754336118934,0.4994968701153066,0.23275219643260753,0.5367140790320077,0.35231215600629145,0.2815263490153794,0.4421429173657793,0.3840716079358428,0.21077511871385546,0.58094914379328,0.38962982786174466,0.5388786247852877,0.44535376228895557,0.08562964322105299,0.46417462358064393,0.4983233237433231,0.4409993739530665,0.509262766718454,0.49435372495116364,0.4473663282141106,0.33387918625344126,0.043119016871181186,0.32263605598710815,0.37122201611841055,0.422688015619282,0.44907030082430527,0.4664058985413524,0.5417353559561974,0.4008278407318138,0.2817925397630175,0.5081527021031388,0.4429409516384664,0.3221529686508032,0.4659490217380487,0.38424346296400214,0.40209432023503866,0.3099206668788081,0.24702953567878186,0.3717243489695924,0.22609548732375923,0.255381382409166,0.28996417009398584,0.5163132264212451,0.29850267345105547,0.410505940192548,0.33930304126377087,0.3542379265782545,0.3314088939291188,0.3481520033475017,0.4103158617830839,0.4440566485242344,0.209502744476031,0.45614163831919713,0.33599804108298165,0.06060001703740873,0.16353095571842663,0.2369905830366884,0.42176120668732153,0.388689202954435,0.40107266550603154,0.2910337622991442,0.18536116672364145,0.2439998598339324,0.3832720618159537,0.344879297147535,0.3318430833152005,0.41995545729698713,0.24411472574155263,0.41443548027023064,0.45266633538552287,0.32700628869913984,0.282838618678964,0.31018812197927104,0.31294908694477663,0.25180552640206877,0.2705057683343353,0.1535850537254375,0.28258928146392887,0.11610197480611431,0.4417059933461159,0.37480103525216646,0.3978007867853128,0.41096634413902594,0.4866553008021982,0.33942567969162,0.2894942435393203,0.3021079072355599,0.3765806372960035,0.35914928338932706,0.1146277116591668,0.2962006196420686
F1-also,0.5638930314545527,1.0,0.19471796945366956,0.5211315859077094,0.3814222769352677,0.4326546043327035,0.32593909697050466,0.20414071822995974,0.7058922671222693,0.3592083394482513,0.5606032339866736,0.765063228224931,0.2047689315722932,0.15565762453578394,0.6477758213676372,0.3208611623572304,0.5629781658181475,0.7209809422107263,0.21327503651938415,0.47918638736604063,0.4320425164120443,0.09501743079694833,0.49217234665193765,0.31803165284812995,0.24779154268747694,0.4014296099414639,0.18762800814464273,0.1137007875294225,0.575957267620601,0.3620873195552926,0.5462762806400544,0.37711370463554433,0.08513381821669502,0.35492491120171926,0.5266148498960745,0.686456923326295,0.48921559666786046,0.46483068963358987,0.4469246495928844,0.31217124128735374,0.08757015754629202,0.3192868690555821,0.46224691802854295,0.3245992466115377,0.3821199093356869,0.3897635453716691,0.533200686457448,0.35306414229784333,0.19063603909303636,0.5346531991301734,0.41584469875430397,0.30525026572158204,0.4177742169857572,0.33761879139530954,0.27749525625739696,0.4251688929459657,0.2831263131709778,0.5177260853433091,0.4677421984433447,0.42388604046403255,0.3848998446525084,0.5013019370358307,0.2027280885544222,0.5527192968829332,0.3018374143955939,0.43721110481342235,0.4102322243811714,0.38039296758780033,0.4235984457277906,0.4817731143589598,0.2216201843269913,0.404032834020551,0.4233593865519373,0.1897250475538409,0.2065838961995847,0.2678333032963507,0.3371027328546145,0.3307739567905513,0.4348175301122852,0.274430066940221,0.26006033620322716,0.22685772846545058,0.41326675519506256,0.4365588283064973,0.3464776637611292,0.3667532811376748,0.24363103538052314,0.3810231900309605,0.45324821066395776,0.44115924272220447,0.3513395531492291,0.4051995764286862,0.27396514754957574,0.29470833009083647,0.2781191507796512,0.1293992034052807,0.30422576464572043,0.21479695081194003,0.40471762153310903,0.41640679794344404,0.3832984478640459,0.42842645985614297,0.3115824493721384,0.23718401966892094,0.2660772722666365,0.31741524682112043,0.44202772558261927,0.36708214290684243,0.1093651455692186,0.262613268962931
F1-and,0.25301345945086895,0.19471796945366956,1.0,0.3211051288254621,0.23234441129473568,0.3472150486769797,0.20510373697772707,0.07285061483307982,0.21046603909778744,0.17725696365842156,0.33535219441313846,0.1898541892746259,0.10921827965804892,0.07021177907236319,0.2752892880670781,0.22626014257123708,0.31781081883403806,0.27830219118852617,0.21609344530476174,0.23517296077811997,0.2863231889641319,0.12633705202830484,0.2412587396186747,0.20058267087309312,0.12922693493596746,0.13859980448609158,0.1681047723049091,0.05703205458651722,0.3361811804773187,0.14747443276127978,0.3063930109153867,0.253480577758831,0.13769469811624058,0.21960292920861094,0.3637861160247709,0.20888489205151045,0.3027964331380092,0.2119515128663141,0.19617412756959002,0.1759314095435225,0.07871582216378295,0.20673780486508808,0.2560591485268844,0.23460044285593867,0.18581915787838935,0.23195016730556373,0.1811481978739446,0.1726481440503631,0.10396875680980158,0.26904809837125304,0.19879848821548532,0.09337088095432916,0.3075968313740111,0.1650644253959206,0.17568519593639226,0.1757868695201349,0.11527011248727421,0.3459777849907991,0.033141460427866705,0.1948913919795136,0.06550396843929503,0.2650652137222716,0.14627692261938877,0.1157987835383072,0.10790013274810561,0.22504864823826778,0.16489880524530226,0.12437729669673148,0.15825039503279,0.1603369878197656,0.2535328833286913,0.1434473928891806,0.18423142792212446,0.1835227153302705,0.16166490216108537,0.230359829137345,0.22830606661673192,0.17382502890753782,0.1549661758580479,0.11855083818720025,0.09598989992812341,0.15298287226569177,0.19540118180420357,0.11767777950211017,0.2008903548460987,0.12963012267756943,0.18760845306239968,0.24921466378139123,0.25271176463969897,0.05819336563563811,0.19469029714462,0.11265196060268735,0.08582408816620853,0.20904652076368407,0.10266899466132383,0.08247219050851026,0.17595218437562346,0.15619380512458422,0.28545367251591097,0.18017784490187622,0.1978758952113199,0.24382750813553353,0.1498713151759222,0.16094508767012436,0.23727379097300896,0.12477071733597787,0.16191749145103526,0.12977464211584466,0.12555224409052096,0.21423073071949433
F1-ask,0.4816467649078103,0.5211315859077094,0.3211051288254621,1.0,0.4364015199709385,0.6330708904431631,0.20982212348650944,0.10846584707971614,0.5888217441391999,0.2999167310980596,0.510056737976067,0.5295347630642837,0.10554514852751243,0.11734549843802997,0.6842482058896983,0.3155419567719575,0.6016310706969652,0.6219277456975965,0.16661014456577866,0.4137731034809502,0.37910247769255756,0.16809396348461672,0.5845760924501815,0.24125698707643142,0.24979037982556812,0.37684503724417096,0.18666713926114098,0.1499506943847133,0.7423362436140095,0.12496527484074488,0.6425758065926928,0.19796141113537719,0.10876404348419211,0.27672243864271956,0.7248657266723976,0.49682207552055535,0.7205684876309812,0.37050441345532387,0.4052425910695928,0.21477336004764214,0.03065644733361471,0.38442874285650497,0.3544620835893954,0.26594374057973613,0.2378710629072646,0.3114721719980798,0.3660450062827878,0.22259451471065556,0.11562285924345742,0.48400789452120313,0.317960502075237,0.3031942484560199,0.531081784352675,0.2549311286667699,0.2741734690851768,0.3826463849544247,0.26620164319091794,0.2998405222190147,0.16533648127712708,0.28433099921038113,0.195885479687636,0.4468342153403587,0.31013915555591465,0.3377787803335529,0.3655490316636977,0.4595393061635045,0.28758498235411717,0.3180669582604473,0.4014187838289777,0.4428570982037309,0.3471499175918664,0.3826414834889853,0.4137064558863233,0.15272245177287544,0.26106390000641094,0.3987221763308445,0.37172755548372605,0.303646195432562,0.4525379216338092,0.276464617715841,0.304772560637149,0.2675567321964875,0.391911143125966,0.24359749165548272,0.4060447786851535,0.28273397937925027,0.2944910470333065,0.3796950976401968,0.4335321923696298,0.16827700654446212,0.3301438573634342,0.2884042078130739,0.32783554262382575,0.35171980336578657,0.2862557267634771,0.09527228256269861,0.3107035899506958,0.17956394550079838,0.381776573961752,0.4479492445788529,0.36814517016551124,0.4950454231932097,0.3694417307257781,0.3307609689418491,0.4057623267920023,0.3997240621749337,0.4318359060441228,0.2858201878010501,0.11611511014337732,0.30701605241288465
F1-at,0.46256968829133466,0.3814222769352677,0.23234441129473568,0.4364015199709385,1.0,0.43184410687568203,0.16711090173870916,0.0798395807436053,0.42438989260044635,0.28622504228929063,0.41813003096945534,0.39656155831425005,0.09032240503977178,0.16567968444009765,0.4020543140825836,0.28550698031874994,0.4787840849794284,0.44613747142331334,0.12559810608838418,0.36413085151582386,0.3049526676484083,0.2064860200346898,0.4177434992352812,0.20437445392760925,0.218028405571414,0.27359447092395456,0.27091365105777376,0.2086718706877087,0.4158272208462433,0.11656347083957722,0.4784869739812174,0.14569016997464407,0.09261905034892678,0.24862097654214035,0.5121876940017257,0.3790994077216757,0.4279887272344359,0.3502117624365083,0.41611635368375394,0.2129887249057183,-0.02527498463689552,0.3165145416195119,0.24676914948398052,0.2376592345548044,0.20075826936138866,0.3636700632955287,0.3198366781716494,0.14064015911874206,0.13313780990717727,0.32592153429027165,0.2786260034661346,0.19472900217382766,0.4068969465064744,0.21904464437143992,0.2085431354832081,0.3347014038744924,0.09711827303738711,0.2875915311983669,0.14159426951214138,0.09586017221499851,0.1951037103529915,0.42639480356821857,0.27923718331112474,0.3163641792591807,0.2749388337320239,0.3203360393710757,0.18186532928912438,0.2377526544845715,0.30386747888287446,0.30378449942910946,0.16469187031484178,0.29380408763861543,0.3485928640810973,0.035712451801769046,0.16720796928342693,0.2567763610231798,0.42404422624675103,0.31264873228316975,0.31753070521975935,0.23914371487223823,0.19664037526505668,0.20719369859844441,0.29178035695222176,0.3047161687641885,0.29617657749826565,0.33737563127773923,0.19969177274017352,0.29354727143591075,0.3990225945218028,0.23650317721020825,0.23663603335864689,0.2616432576873166,0.23245796794175796,0.30892910986346883,0.25303085009865217,0.039692752748542365,0.285262758808723,0.05935618628462,0.31299203342980814,0.33912799308086317,0.32394127182416294,0.40286576519634754,0.3667227851792863,0.32042011474066145,0.290711611485702,0.2556698471847854,0.3762466001027933,0.3180233648577299,0.007888769401833185,0.30299526608315475
F1-bags,0.4371236581597823,0.4326546043327035,0.3472150486769797,0.6330708904431631,0.43184410687568203,1.0,0.2985398963521929,0.1428210943500684,0.5459601324404268,0.2914580648107672,0.5160248794979853,0.3937081341213616,0.1249879090451843,0.17896025458065104,0.5585682760173911,0.28939671300921804,0.5903314988893522,0.5675406819480379,0.09859016348157534,0.41962043911023106,0.4054418186820842,0.19260616881305428,0.5867667677975418,0.29262695338070893,0.2427809017233161,0.3735867572169593,0.24326333676283263,0.1632177352859995,0.647573433000594,0.222216327809521,0.6454610332827431,0.27348433154384927,0.1483807989639682,0.3315912634844828,0.6981075024116269,0.4129299091104106,0.6060093933472346,0.3888074087205361,0.350914475239517,0.22301307957016603,0.05023830034402837,0.3675268941276537,0.34065081538326436,0.2833827018997932,0.34031101232268296,0.37408795901090175,0.3893519501788884,0.284723969794204,0.17773845219212803,0.421518354382118,0.3405198444241453,0.2369788274913304,0.5075178768101859,0.23385835002172106,0.24447396316048361,0.44847408763849056,0.2945438156570716,0.2773966297305624,0.050960160013510045,0.3256687947027287,0.16527380614671802,0.4610092185704645,0.3412892085325002,0.3062014756684746,0.3197267971587154,0.37122192497792966,0.24177379700797524,0.31541412824721793,0.4191261876962439,0.3597515588022093,0.39480767930241806,0.34221244806666096,0.37780782191288925,0.1150036414894126,0.31145493334965707,0.3511148070995083,0.4221321915749312,0.32968357679319216,0.3880635034961159,0.301784364397425,0.28262710669471997,0.30576835898652605,0.4066059273745176,0.19993788565024187,0.3619891013295223,0.2475018971218485,0.39575463713274256,0.4124815739623059,0.5145432433216144,0.1287986379868571,0.2623436722160097,0.24015576392180732,0.2909027313292072,0.43182333368558334,0.3723544576791408,0.11070851180544974,0.3311916411760582,0.1572831897062588,0.4201875468886396,0.4041169529459719,0.39399044753214724,0.48329260583082156,0.36587442866456277,0.3929519474012836,0.3839917338085339,0.3758680060599597,0.37578338805107797,0.2645148808174467,0.05840546742056844,0.30023506377858034
F1-big,0.4458699315230309,0.32593909697050466,0.20510373697772707,0.20982212348650944,0.16711090173870916,0.2985398963521929,1.0,0.5277313677856328,0.3288821091630289,0.4223886164335997,0.3785237364436928,0.2659647635787952,0.07239512504012965,0.3439048380707705,0.2837505281199247,0.2011767599439749,0.38203501495872205,0.283841983768658,0.16622065384922496,0.24538558978325492,0.4633798396725129,0.212158942627888,0.42315998206038563,0.16312722081942232,0.21305089041043163,0.21683758309983978,0.3472530059487144,0.06226248644466931,0.35937281945950167,0.4923602350230362,0.3356126338783257,0.7670765574420944,0.0872044222121905,0.7031961985935502,0.2788232815482408,0.23838395031314438,0.2835368492143897,0.2000103695067982,0.2105641932875022,0.3542589967408104,0.20729694418804642,0.21638974237889533,0.29822150759906224,0.34241967636723203,0.6597526392946023,0.6196875646341901,0.5128686625746222,0.8353669782393386,0.28017643351893934,0.29752631941124413,0.17388758841820395,0.09017412849831141,0.27601299283436714,0.19411961181014822,0.38147867808233266,0.19380869905943332,0.29526984594799977,0.15929244099090997,0.0994702169623805,0.12529064884802713,0.1004306203585975,0.27933531074330137,0.30587166125908655,0.3202693964746601,0.19107851080986904,0.12908950098588762,0.20913174124499423,0.12263774520689792,0.2339498087983887,0.2415043690838283,0.15333510458450805,0.17719707382574867,0.19828677638985895,0.10437542946495502,0.08475368199580201,0.13128490947025231,0.2349797352517797,0.15776404537875346,0.1634157781249881,0.12573359948617652,0.08407203735484035,0.2722284955183233,0.18255411499613727,0.10777521418370485,0.19840187188386116,0.12163191567696933,0.29292330348776935,0.16990015074901776,0.3394366367755873,0.07834550571347546,0.1392545173624466,0.08550485872596768,0.11795715928692264,0.13059249554596672,0.24612382533788138,0.1611604016241207,0.3244642170092186,0.2788804532381459,0.24978247260702222,0.20419603664017064,0.2252763683937845,0.20602593106861672,0.2674286763005109,0.1713921017623182,0.1931707491641983,0.1929034811166259,0.19530081394726942,0.09035428117547481,0.15809897329594935,0.18102236845373867
F1-blue,0.26680002881919385,0.20414071822995974,0.07285061483307982,0.10846584707971614,0.0798395807436053,0.1428210943500684,0.5277313677856328,1.0,0.2147075885379508,0.46424958037444614,0.2002667950645849,0.11606346559173626,0.041771531438315065,0.4149174751292779,0.19573633423813017,0.15988246193121422,0.34423098675221153,0.1883829790981028,0.12581257011535937,0.3103616143090643,0.39657021756552063,0.26368504274681503,0.22058217954576273,0.09622800852055895,0.26089769494447973,0.12207814717162775,0.3144179690762842,0.29284547728343635,0.19531923564386014,0.3058643866901646,0.20370238283728564,0.46040608682364864,0.13775762614897477,0.5777562919377408,0.15976767198967498,0.15925546695764217,0.16538606857666982,0.14300287872904469,0.27291876751157623,0.3507870166517718,0.09744469803264101,0.10564780115683547,0.3026624973538303,0.2751032663580339,0.398724729569576,0.3418479101137459,0.2877835536193913,0.5098380792076438,0.4009508994965934,0.20178485385918812,0.13406352450245934,0.33011557199466796,0.11951817172014112,0.2372857443710777,0.23654309366383114,0.08804226259948275,0.20111986499546836,0.09918421795217701,0.051390089127007155,0.057285112720913155,0.08231695704012923,0.15577856279998822,0.41236897711973264,0.17070019342882323,0.13615379670119748,0.07076644578694491,0.18321623763759806,0.0855961913450598,0.14918587843973813,0.16303205831122675,0.09356414520368543,0.12784917818639718,0.12614749020715837,0.056705070446825635,0.14712978866937704,0.12393027179461576,0.2367178678132236,0.12540678291863183,0.059673913653409606,0.07941689367625118,0.049258057204730823,0.2637310999520809,0.08662331445846336,0.04921685017032749,0.0651980030137475,0.08311064600688824,0.21681879477037672,0.10432288003677316,0.2349607999444304,0.04156068473564278,0.06997742120588955,0.08077293856321943,0.018174500363288482,0.12221307234259733,0.14404781093998265,0.0848565577442224,0.1739669629407203,0.2952851006739119,0.19895998897224865,0.07349102642458571,0.10013444281988222,0.1234873128491271,0.13935237657268895,0.21802646910690246,0.09135897394230383,0.04746259926706031,0.11440296104838114,0.10714640474917835,0.19473608987617744,0.11038818741502862
F1-bob,0.5447121011029349,0.7058922671222693,0.21046603909778744,0.5888217441391999,0.42438989260044635,0.5459601324404268,0.3288821091630289,0.2147075885379508,1.0,0.3760085920480104,0.6128455355734029,0.6917217894583689,0.21536504317984637,0.20422434162741435,0.7023334795754548,0.36286171315507987,0.6305341697585116,0.8052815493719816,0.25607455772075116,0.5273929938994002,0.4901086107541774,0.1822753500901203,0.6349809807748359,0.2690553234758028,0.2840514230976169,0.39101401974201727,0.2588969905546937,0.15971295926244716,0.6236894496756599,0.26982375543658266,0.6330893287982511,0.33601850190229043,0.12867777484850662,0.368850727712196,0.5929285892707883,0.6565340082282786,0.5652528330112747,0.4431773297148166,0.5336514028126009,0.337874693874623,0.06984069617761879,0.42681046674089246,0.5167314681226161,0.3323867943076948,0.34722823207438697,0.3384279778812546,0.47780570520921867,0.3590190645401509,0.226749130752942,0.5382720034578127,0.4198912467793886,0.3353577836340066,0.5412776863423205,0.4103122211575059,0.3376520550055981,0.466742873203048,0.3256660823779463,0.4430260108441116,0.4059429821434793,0.3229818447920092,0.3651536941190221,0.5164576320396476,0.25803226754690084,0.6596789502098367,0.34642110805509624,0.500932106435863,0.41335092627286907,0.3324560267153885,0.4030822398837929,0.5039962031708056,0.3147095343512687,0.3822619724932583,0.4702255872047702,0.23517303133334524,0.28105455241725724,0.39611122857390035,0.36741940893135155,0.2958724802867853,0.4574775207033021,0.279189145863176,0.20772115086380316,0.27768451080348494,0.3688034700498674,0.4282185804511485,0.3342663553066717,0.31401996114142666,0.2104958765172085,0.4035227849895586,0.4556064015681448,0.4039573671316888,0.37761109878217886,0.4478445779911233,0.30144748324852794,0.3799486154073484,0.27955213764323505,0.02464186398518116,0.3503719048775877,0.3214249692902964,0.44915403579845986,0.404000709911472,0.36047761206532436,0.5204647813845042,0.3202298539442441,0.3046858177920064,0.38388892345014486,0.3518278648710685,0.42653699981668924,0.3318603823744746,0.20632137854284585,0.3042887043882602
F1-bring,0.4213624477959673,0.3592083394482513,0.17725696365842156,0.2999167310980596,0.28622504228929063,0.2914580648107672,0.4223886164335997,0.46424958037444614,0.3760085920480104,1.0,0.3372657358554929,0.3510100944444021,0.13365794498917094,0.26864745412185437,0.3410792635935281,0.34187689992728326,0.5431476543131749,0.38577391834087993,0.2563682278954224,0.5165275242997449,0.5170306277992619,0.29762973589532954,0.4386761735360317,0.30520375259253046,0.1752619555997682,0.36930644524373324,0.40422270183131653,0.45562524145358996,0.308179544502801,0.207036392603783,0.41094049207925026,0.4106290194652274,0.24579552937921698,0.6115534127007067,0.32744290571494183,0.3623862788269913,0.3196812591816243,0.38265275326171816,0.5190102577699011,0.6013988636067454,0.09670637378936182,0.22966694519117126,0.36855364945328567,0.3726496699940872,0.1500888259440256,0.19904677152842845,0.4316671075522362,0.3733702774383935,0.23550254363928386,0.369066291640145,0.3479780999635718,0.4422827618038785,0.29383979566104584,0.4548532043111231,0.39910176081237964,0.20079391720694767,0.13766192631408045,0.25594476400020016,0.14553875241948688,0.21678214619013664,0.1401104488525521,0.266713872163961,0.31983995911703816,0.1994691818534608,0.21349571150826968,0.1985909595719626,0.21173323288992496,0.18186938773371383,0.23734055449807692,0.19771632496872973,0.1223414252631335,0.3033113818179072,0.2050441634055677,0.14695253148949747,0.2345856826344908,0.14577267852001635,0.30876273621005546,0.2254957696762028,0.20294114271050231,0.15618485202287258,0.09225462511449689,0.3464291881839642,0.24144983748260304,0.19523976626981254,0.1349621092303602,0.2599070612797635,0.25266332192642393,0.2967626329453332,0.3581624346338736,0.1768604908182824,0.1914672221605877,0.12932012539915771,0.1264968869487863,0.2592650408370258,0.25645587087829885,0.14318245516373548,0.10064808371488777,0.21253928337212452,0.34474025357569504,0.18854492768040718,0.18350631761445152,0.18162622781942855,0.223422537727382,0.19241329252072495,0.15926121561119833,0.14271209030122153,0.1975491158601562,0.20712438255895727,0.22819522944467377,0.26234710232572495
F1-brother,0.5701269882938608,0.5606032339866736,0.33535219441313846,0.510056737976067,0.41813003096945534,0.5160248794979853,0.3785237364436928,0.2002667950645849,0.6128455355734029,0.3372657358554929,1.0,0.50929948689946,0.22600918255342375,0.25839094391826883,0.5805810372416628,0.3739190327031211,0.6388937295082869,0.6261775766936312,0.22707230784344154,0.49930653870135905,0.5974543830758918,0.225254890493118,0.5492711481513728,0.27142036855168955,0.27557012906058515,0.38025080955175705,0.30842782312072575,0.15479292315503992,0.6079067606463107,0.3581204674617135,0.5924839900120837,0.3801241842695249,0.12440210045173282,0.39830348208882665,0.5842656526850493,0.528508515391602,0.5453241851662725,0.3883994791572415,0.44438662081439106,0.33478401481140574,0.10993256933424977,0.3830469980168243,0.5273810977159085,0.35845949680389644,0.4495509232474052,0.4580746725216104,0.5581501263677047,0.36536476797885875,0.23455996162927417,0.5034928222652347,0.38403244164214156,0.2765203394472132,0.5050541461396865,0.28520473383559236,0.3522379929530489,0.44585591583034256,0.3551301501423806,0.400804349163219,0.26599601229902886,0.3496694142093564,0.36003222112124783,0.5078063498090561,0.25068542428681584,0.4613862560573586,0.3053312785775436,0.5338653603010403,0.2917289598482989,0.29620365585779235,0.4135643312287747,0.48026385815670275,0.2741667403104259,0.41254294263949964,0.42053536304749833,0.19721515540482668,0.2941450087729699,0.371467043484342,0.428335604808959,0.35780772959561935,0.4202394929673007,0.29193021974425215,0.2392403923935608,0.3224056226353424,0.40172473318077145,0.44164385482192625,0.3662928193316774,0.4131741801132188,0.2579302835941944,0.42256080601700796,0.4693245386750997,0.37195707594329436,0.356375663606025,0.4101663179283995,0.3388020725456948,0.33375782533030074,0.26435326526284125,0.1557877715013962,0.34050636538565554,0.29298253617993875,0.48320261316459573,0.3973797379862851,0.4179282479681616,0.44945587108808666,0.3697183567028507,0.3594089440634543,0.33670057659514124,0.3595826843708349,0.4245081290030419,0.3515429246659602,0.15577363557282187,0.3429750529068074
F1-call,0.502584399646331,0.765063228224931,0.1898541892746259,0.5295347630642837,0.39656155831425005,0.3937081341213616,0.2659647635787952,0.11606346559173626,0.6917217894583689,0.3510100944444021,0.50929948689946,1.0,0.25307868541728706,0.13272609408703723,0.6014992050703465,0.35964680139036476,0.5224725208487919,0.6755366003208284,0.287730818845116,0.4515175827949717,0.4078228575020733,0.10197466314816868,0.5037034419575285,0.2606459178030923,0.18159089118893096,0.35352237962436167,0.24565428630253916,0.12515487470515327,0.5410265941591547,0.263636243620036,0.5092910273433244,0.3331467925296417,0.05395169739368097,0.3105248853246143,0.4518966227792258,0.6997287294193546,0.4254792522892621,0.390828674522103,0.4768387209361407,0.3269469297837158,0.10102804512578331,0.3992339918532775,0.42236816351081063,0.36804118874599917,0.33422196287061684,0.34458956145579556,0.4765292831003414,0.2862828529305027,0.13840967897405415,0.5228921224244865,0.4197932928075472,0.2801609084577177,0.4352120577650273,0.37308331613898327,0.3064534484910297,0.38276002046927576,0.2833735241581532,0.48151723185702855,0.48095543464145984,0.3282352168268051,0.3658456615553552,0.44466216637756767,0.13676848450999987,0.536468841360536,0.309934378963554,0.4408024906760045,0.5001914726057164,0.34187655567781566,0.34010609900353067,0.46477092599881464,0.1976195135177996,0.3726686968955974,0.38374774161111697,0.21809197938142738,0.1486613185701765,0.2741018939446335,0.2995803085823416,0.23597046857494547,0.3791625465544817,0.2517769228689434,0.18671191958033848,0.22561081396425212,0.3269418896753151,0.40328028181885106,0.25070002055471013,0.3258174165467382,0.15401038513459317,0.3603372692429048,0.36483929583752817,0.40917581107926476,0.3412845049880578,0.39751563007490687,0.2674732516101268,0.22614930589727833,0.19991861835849944,0.07883569207038757,0.2850542432472164,0.21678080493137383,0.38614961936344255,0.3844623454973945,0.31622849013205534,0.3852915377361297,0.272610745614023,0.21268218650310247,0.28465019476771924,0.29881437640426034,0.39066546942616964,0.35273185130242757,0.12570648300933915,0.2239929308202428
F1-can,0.2105165461037465,0.2047689315722932,0.10921827965804892,0.10554514852751243,0.09032240503977178,0.1249879090451843,0.07239512504012965,0.041771531438315065,0.21536504317984637,0.13365794498917094,0.22600918255342375,0.25307868541728706,1.0,0.08588597187049231,0.18525299854885227,0.1747258212300822,0.1414627087681025,0.2193775111052135,0.1186577848300234,0.24437244676987113,0.25063237789477094,0.029405695846455082,0.18657542055003437,0.13396757313895405,0.17506184118845694,0.2231352118118809,0.10260632688403681,0.20528737715970097,0.146436140208241,0.127150664854718,0.15210817282615172,0.14324558910363952,0.028086695395015463,0.1281773971562347,0.12895479221743716,0.20417012073079552,0.13041055595683476,0.21870680015113894,0.1527750183498594,0.23625362633472785,0.051146040505601946,0.17531757598459882,0.11501960662513587,0.1854070023041845,0.19125223837295896,0.09006005279328591,0.19287790412364647,0.02884589647397408,0.1819800437820013,0.24251484013676217,0.2514763590498445,0.20943052550234362,0.2338138366026547,0.2738131119232217,0.27233607598973314,0.14687735458596637,0.11605245883726316,0.10716296155977359,0.09264084094717437,0.139946324072483,0.11019670169457037,0.17710887172329462,0.03850948315303137,0.1029433428915405,0.13238364793283477,0.1507222739965787,0.17197745264084288,0.26240800253456625,0.07563123921266914,0.12923025749456732,0.0447817982245747,0.1251765278582656,0.09420570419367702,0.0821609728857977,0.10612119430138428,0.10320226967511076,0.12006286202539691,0.10474082990936445,0.10672407709180869,0.03426159058741247,0.04819091390756504,0.07259815261083388,0.08324859170723999,0.17228602934306936,0.04106360243163466,0.1771844026050561,0.032347587370095715,0.10872886220384483,0.16059445139648632,0.12052058559633304,0.23547896031995266,0.08326093784625146,0.024507806771381195,0.11350929827192609,0.09165656615250896,-0.03668896558901733,0.06554894607284108,0.06376576733634307,0.17834869664381037,0.06409910748219837,0.11024209163145657,0.1306239841818485,0.12363890363205056,0.15723946882239853,0.04112652669329735,0.01987593657184031,0.15599595343241668,0.1487057721921263,0.1246852174087517,0.20272062205372302
F1-cheese,0.1986539879122539,0.15565762453578394,0.07021177907236319,0.11734549843802997,0.16567968444009765,0.17896025458065104,0.3439048380707705,0.4149174751292779,0.20422434162741435,0.26864745412185437,0.25839094391826883,0.13272609408703723,0.08588597187049231,1.0,0.2108490790107545,0.24590142665840983,0.3467794409153424,0.17816059488914965,0.1178270871383824,0.34363366185593097,0.3255912367829313,0.35013540315255737,0.11027778695558739,0.11154174667956264,0.4293962023704511,0.08636812202615805,0.26402816952125874,0.3672626782006297,0.1919256442553954,0.32126496292178186,0.1476423117533363,0.3226472314261249,0.1500890310221846,0.509560324796662,0.20386649647476784,0.14672849789642275,0.19139984171850327,0.12010066632254389,0.28483698641045213,0.37478566808273556,0.16459683119622703,0.14231331367954864,0.22834221114882486,0.22340123967654577,0.4864509765614937,0.4712837750416463,0.4454235516287457,0.35668534734195284,0.2987158875573961,0.09890504014728017,0.19366038166581467,0.39926175373904443,0.19484817255186446,0.1656342121709505,0.21338161510781717,0.07834904920734563,0.20745705522136645,0.049603579758890994,0.057079393706944544,0.06842685980602055,0.051238180100462896,0.13582481002313215,0.2406165142959341,0.20966350996279784,0.0769492319537692,0.06864409400676508,0.1546995605926744,0.06212810026465646,0.1671861472726428,0.17595107127327275,0.06123294817242652,0.08788871369967284,0.12477183617822013,0.0839307655922023,0.20949963006610128,0.09782560525187596,0.23676124240074053,0.07383012319306387,0.04000589383506287,0.06865133784760814,0.012531245305617745,0.2368487317195668,0.05599238751644837,0.07540332704738258,0.05764497821500445,0.08015749227191399,0.14627830741227654,0.04880821507046859,0.23083678912816336,0.035289801867401785,0.10490501905139522,0.08928044175126466,-0.013875957137676394,0.1800954402492484,0.181068516319573,0.09827531617435233,0.19143896124149937,0.3367294938062877,0.12486784412614832,0.06160920493802146,0.1350582926425435,0.12392620682969396,0.09464723345142517,0.18493908898130212,0.09548581273441276,0.026531893233985953,0.08976632920524442,0.11164013012864027,0.1820791446850956,0.18250658391930263
F1-five,0.5429760192528829,0.6477758213676372,0.2752892880670781,0.6842482058896983,0.4020543140825836,0.5585682760173911,0.2837505281199247,0.19573633423813017,0.7023334795754548,0.3410792635935281,0.5805810372416628,0.6014992050703465,0.18525299854885227,0.2108490790107545,1.0,0.32868457536216655,0.6226847414631291,0.688693599631463,0.22581029049168727,0.47460501248754683,0.4420443492218148,0.18651353200923906,0.5210611492038167,0.2743792071506014,0.29146233290694834,0.34158889071044923,0.2579138586741265,0.1530834039184536,0.7041518876071305,0.29417930721411145,0.6336462855480323,0.31924157778176254,0.11258354046723126,0.3707987386347516,0.6647888796634611,0.5601993988134595,0.6602024045390152,0.43244733982942385,0.4506967401179663,0.2714481001781721,0.06984780060895393,0.3988163593819879,0.38054408749541,0.3527073528270115,0.3550350233173023,0.36960916286113304,0.49428112285860115,0.3115937713625602,0.2017300399127088,0.5220762122047248,0.4150645820632322,0.3345443720700681,0.5008345744774279,0.33316792148168894,0.2556846604621817,0.4084744168461897,0.25092298850496453,0.40814613477634654,0.38887524319330646,0.3637304002237889,0.39277652176901345,0.5326402405613071,0.23777018614379147,0.4597821927393679,0.33267029595785585,0.3840055379564926,0.3039234166539405,0.34985924937226004,0.4416474807565888,0.501207715529312,0.26432187130630697,0.39622388412164006,0.38927873011291275,0.1371577651562104,0.2556509273766393,0.2924968073696607,0.3758015424768207,0.36465480816216206,0.44405247801437925,0.30334335292607617,0.2792552921972216,0.2488959829737149,0.42107761862053494,0.4087850100025493,0.4060463566611709,0.3683196863486261,0.214084536300719,0.39739380944727704,0.4659163108559549,0.3953645102659889,0.34833701177530074,0.38582850768861016,0.3172550459733325,0.32022067011492855,0.25921329047294506,0.10035893228812616,0.3026948896996695,0.19566063521754892,0.46815207690210175,0.4429589567678677,0.38443872886279845,0.4750409073879721,0.3835177117812516,0.2921160691256282,0.27643725076424125,0.3587991170910655,0.4271337799269322,0.3822022595353921,0.1938214923392107,0.30167709126021175
F1-for,0.4277952344553776,0.3208611623572304,0.22626014257123708,0.3155419567719575,0.28550698031874994,0.28939671300921804,0.2011767599439749,0.15988246193121422,0.36286171315507987,0.34187689992728326,0.3739190327031211,0.35964680139036476,0.1747258212300822,0.24590142665840983,0.32868457536216655,1.0,0.40607014060887575,0.35758837934213106,0.2294141073922983,0.4051515533394726,0.48504847942794893,0.285417706465701,0.30916434938375936,0.3405362415474774,0.1945098600524839,0.31358820912467017,0.3125805112833891,0.24496293592654825,0.3622568704681608,0.27533817250014236,0.32826253996362204,0.25136798778475494,0.23604649673311942,0.28944256627905707,0.32849191173933917,0.30942651797192144,0.31010404727966573,0.294331266820756,0.4530084320681446,0.3591753844816627,0.09187204059025535,0.23315116770853597,0.38381270916418553,0.3027278063371098,0.28020254734776584,0.28816214162946424,0.41092729799210376,0.17977686332350395,0.2251933613499094,0.3967706351985825,0.3701850474004069,0.2834023022571387,0.3159943044780045,0.3454121315176035,0.24624809047372276,0.1970078635034086,0.1653553701509738,0.19276375076535746,0.12024975146827378,0.19786889560254045,0.15393900814291378,0.24047411695931864,0.1837217223117705,0.2724363337543544,0.15122032301422283,0.2524163232217034,0.20064049796078212,0.17452636713231598,0.22338892972137,0.21903904397689378,0.34879224303110734,0.26000066399118127,0.20656214713125556,0.09930470518964978,0.19362037434598983,0.2309846265803957,0.23618772664117932,0.18769823526896362,0.18075056767786737,0.10156601184195667,0.11450429648538156,0.22159022433930745,0.15577178397149063,0.22059156168126937,0.11325413022826218,0.26372954879138144,0.15900270900975105,0.21780161168266712,0.26330096944708453,0.18993320661829116,0.24046053306493645,0.150657444221376,0.07391650034859742,0.26122425374435,0.22904112440611082,0.11483867692807438,0.1356122496833008,0.16423971233910667,0.2334897138936407,0.21581420467192308,0.2525524092834204,0.22008850453325376,0.21574219069914102,0.20303744262603093,0.2273582579211043,0.10126407018764635,0.1877689846020828,0.20233498495962823,0.16806536019667587,0.16126650488552582
F1-fresh,0.5554840574720772,0.5629781658181475,0.31781081883403806,0.6016310706969652,0.4787840849794284,0.5903314988893522,0.38203501495872205,0.34423098675221153,0.6305341697585116,0.5431476543131749,0.6388937295082869,0.5224725208487919,0.1414627087681025,0.3467794409153424,0.6226847414631291,0.40607014060887575,1.0,0.6711048011606029,0.24485590965222556,0.6225909568635178,0.5742963988199586,0.3801616616367899,0.6344646906196634,0.3075804476986595,0.31144034031899115,0.43156767414814695,0.4405289473145863,0.3839102136189007,0.6981443541606253,0.33885352719668554,0.7753055300503325,0.35894306320301833,0.26502811365456813,0.5811825290671648,0.6924607881813865,0.5277524366288319,0.6032125637443481,0.46214436162000083,0.6037961543407032,0.38900914189731756,0.08019599520479516,0.40130707106929664,0.4794938158071516,0.41284212850683344,0.3880838784828489,0.4342959357121495,0.47388900578855053,0.35763726544457647,0.3276263845930571,0.5210411224784766,0.4138267259611033,0.4055563198299481,0.6477857885087068,0.385685319798566,0.34588335973057516,0.439491290555654,0.32944227378699575,0.3622585709551189,0.18122293473459702,0.29706038456023826,0.2017336860777897,0.4858888917147532,0.39350006497969153,0.4440280884409106,0.3281373980751685,0.39915409903816507,0.32509749491248574,0.3066875538609736,0.4586568658005009,0.4123668988417953,0.36950729629624307,0.38085260135381754,0.4079929943511017,0.18489647501822312,0.36153870998953114,0.38605708556012236,0.4508814066237052,0.2819120758792176,0.44027398937247203,0.3241710153215537,0.27047853564599017,0.4515832413002296,0.478169495780948,0.28168548739599,0.394038907066023,0.254486155952435,0.31500698442350594,0.47242481159471894,0.545399778015207,0.19893001304744873,0.34158722138766234,0.27933398590855557,0.3226229708500206,0.45545134869521325,0.30047441767400307,0.12835567491646965,0.3384006853448974,0.26542557633693886,0.4684471057723871,0.4033701855950665,0.42300747694214713,0.48457517873838446,0.3635796852400414,0.41043217239865026,0.3600262257757677,0.36413462788092565,0.4721973918452642,0.24194823682154132,0.192029211145571,0.3248129693191334
F1-frog,0.5305078291901766,0.7209809422107263,0.27830219118852617,0.6219277456975965,0.44613747142331334,0.5675406819480379,0.283841983768658,0.1883829790981028,0.8052815493719816,0.38577391834087993,0.6261775766936312,0.6755366003208284,0.2193775111052135,0.17816059488914965,0.688693599631463,0.35758837934213106,0.6711048011606029,1.0,0.23792926765364214,0.5414433493062083,0.4625190450201816,0.17915053230973596,0.6246473649492685,0.2794788539961142,0.2586587717768041,0.41544332273382717,0.25998094731549076,0.20181904490763428,0.6350255617187179,0.24749530012576323,0.6856289389291395,0.3152760880781717,0.13502203225970033,0.36994199055918564,0.6842103908418864,0.6668119850625573,0.5813910806831772,0.4691958716824153,0.5337666386965929,0.3359274471780313,0.07992712452285372,0.4633767746090911,0.5349575833566529,0.3368803185378848,0.2996140292334289,0.3432011421588971,0.48597263010867725,0.3011260276983646,0.22243950684964617,0.5888347519222904,0.4419580503321614,0.3363935828921791,0.5636024947800146,0.40303102346407726,0.333692412082396,0.4701283470233632,0.3146739510449012,0.4847817685836009,0.383055885675921,0.39951369721819685,0.33354992641893355,0.5224342489538372,0.29332717279835296,0.5617990847831514,0.3187734210678682,0.5346605199233557,0.4048077227833617,0.3689435916696118,0.41846223887255457,0.4942382136313521,0.3971650835034852,0.36581797558263257,0.609753368524209,0.23908544834752193,0.27825434756465917,0.40985657183722096,0.40596343783651684,0.3236470422536837,0.45761760564528514,0.31660687608936267,0.2018627801667784,0.2947842085954655,0.4040142138747655,0.43260553063828044,0.38775215970686183,0.29493065002322344,0.24672161932520412,0.39004112613414954,0.4838677014008443,0.37275788736310395,0.4023428086026007,0.42272504650549064,0.32608138211905635,0.3554027272315043,0.2590426181650649,0.07869290058864527,0.37340977174226725,0.3136873406135218,0.4861277345258671,0.38395745633736816,0.3794132170231989,0.5132513816881139,0.32073009212393,0.31631746583288783,0.4277864961504004,0.38127220653809346,0.43724500376360514,0.3284460846299427,0.1710076632074175,0.32114241831283336
