,F1-a,F1-also,F1-and,F1-ask,F1-at,F1-bags,F1-big,F1-blue,F1-bob,F1-bring,F1-brother,F1-call,F1-can,F1-cheese,F1-five,F1-for,F1-fresh,F1-frog,F1-from,F1-go,F1-her,F1-into,F1-kids,F1-maybe,F1-meet,F1-need,F1-of,F1-peas,F1-plastic,F1-please,F1-red,F1-scoop,F1-she,F1-six,F1-slabs,F1-small,F1-snack,F1-snake,F1-snow,F1-spoons,F1-station,F1-stella,F1-store,F1-the,F1-these,F1-thick,F1-things,F1-three,F1-to,F1-toy,F1-train,F1-we,F1-wednesday,F1-will,F1-with,F2-a,F2-also,F2-and,F2-ask,F2-at,F2-bags,F2-big,F2-blue,F2-bob,F2-bring,F2-brother,F2-call,F2-can,F2-cheese,F2-five,F2-for,F2-fresh,F2-frog,F2-from,F2-go,F2-her,F2-into,F2-kids,F2-maybe,F2-meet,F2-need,F2-of,F2-peas,F2-plastic,F2-please,F2-red,F2-scoop,F2-she,F2-six,F2-slabs,F2-small,F2-snack,F2-snake,F2-snow,F2-spoons,F2-station,F2-stella,F2-store,F2-the,F2-these,F2-thick,F2-things,F2-three,F2-to,F2-toy,F2-train,F2-we,F2-wednesday,F2-will,F2-with
F1-a,1.0,0.5598024117971987,0.2547717225542313,0.48803227441940505,0.4604707978742533,0.4455821418341872,0.44536887458258234,0.2667169142592526,0.5467354634891718,0.4228128146825713,0.5551946228214552,0.4953334317722396,0.19981062636301936,0.21556411737963957,0.5515887058547513,0.4163168660146303,0.5596123554008229,0.5353608246027962,0.1779382754185938,0.44454418465872075,0.4989840374156027,0.24212280107391962,0.5385254445981261,0.36142684217133886,0.2810887829210885,0.447940119955059,0.3763576945902972,0.21235220877650932,0.5837643116364599,0.34093806481341565,0.5416342084685445,0.44419421371994605,0.08646049745656571,0.4631705431039614,0.5029025902616383,0.44277800741080786,0.5108161655216696,0.4978648501728375,0.4518702990867557,0.3390884724507973,0.055961184927705535,0.32195303196040714,0.3733364228199213,0.42135155167014604,0.44967509611537076,0.4653601725652492,0.53691275975374,0.4003840380112183,0.28196667070045206,0.5056736161724963,0.4506529778837796,0.3218193738954142,0.454380630482749,0.38213930017669717,0.3968745985023422,0.27397119001549014,0.25183612023103574,0.35276782291223957,0.20593535778620436,0.25458224283488956,0.2731565131882577,0.48690678100977497,0.27803195683876053,0.41431202813340134,0.3376971178087771,0.3541161391562848,0.3345940807503674,0.3080217863041573,0.37366679097111505,0.4505902069751887,0.19247893824687637,0.46308881311603395,0.3364303824056479,0.057042098854674955,0.16069988167327579,0.22935265643122513,0.3829792220617763,0.345354376847328,0.37461945060025315,0.23954348680132218,0.17788315179729253,0.24267537356034546,0.3434745048348587,0.317883883044925,0.318414979565707,0.37728649117567625,0.25021800033185976,0.42097235556261947,0.4414486276873743,0.3149626590533201,0.2696870407843441,0.30294738842120317,0.2729409278828286,0.2605632738501736,0.23846670770528192,0.16105782388173692,0.27740578638203367,0.1012790572016092,0.41120834065679823,0.35579292946476987,0.3819981326650733,0.3717616726842642,0.4796329211240851,0.3373108551926041,0.2826826391014155,0.29886504709405337,0.36165321211004486,0.3540520286663931,0.11031176881267864,0.2788660065445288
F1-also,0.5598024117971987,1.0,0.19956506040707203,0.5224673384304408,0.36934945644838524,0.4357960530192129,0.3275710712944592,0.2022819414774585,0.707809375048734,0.35937143881901557,0.5584577184684546,0.7579809646419784,0.1970890663900718,0.16484658517875628,0.6499690052860173,0.3270299265343021,0.5599683459626769,0.7176731663039176,0.21295826979262228,0.47864000710319504,0.4289803134359355,0.10128154606588993,0.48734231861359534,0.3264169752528937,0.24585684572512095,0.39151444670101837,0.1888107324012706,0.10875771160239298,0.5779046845669475,0.3350431462817333,0.5411664403725444,0.3721028359860002,0.08510498447843637,0.3535415031827906,0.5292390919745605,0.6797727816953187,0.4877975110735249,0.4666503744618349,0.4478470721585475,0.3063507606564323,0.09795399951774976,0.31921270048384504,0.4615537614052641,0.32205151656702535,0.3788798452076005,0.3843376347775029,0.5273832352141015,0.35134030373336655,0.19308373459407474,0.5305065034700325,0.41760025138851037,0.3014293029943469,0.41160613814581165,0.33454459810036885,0.2736468853092954,0.3990653936069217,0.2459893267827117,0.5120299720934273,0.45167017946227783,0.4216396336507685,0.37041473584476486,0.4787202044582597,0.17929433684994348,0.5126757891778326,0.2983247437236887,0.4290686296204384,0.4052747790434609,0.3500299071435852,0.39854992443105086,0.465118067312111,0.21416945761943026,0.397410805380377,0.4163281100162686,0.1798994887169502,0.20929563137080948,0.2608207373745535,0.29989487306708357,0.3028605987053423,0.41848690222029966,0.25103895356804307,0.2506995795728697,0.20549001300111747,0.3951991556631893,0.41396629801033763,0.3448203595215298,0.33407143655223825,0.25145169777322757,0.38665927236872455,0.44440842297694455,0.4402441477293201,0.318708932018649,0.40290781740879106,0.2723091357481047,0.2998619421183389,0.2631275008407789,0.13993176871635052,0.2946307205384955,0.2034006642081698,0.38156552845699077,0.40188220791817914,0.36140462889358815,0.40036202548395916,0.30318076743883554,0.2242984289165699,0.2606837193324877,0.31131688397670165,0.42525323387333724,0.3562494354202195,0.10408662205625123,0.24653027027007327
F1-and,0.2547717225542313,0.19956506040707203,1.0,0.3328608774273088,0.24465370037377218,0.34769965824358395,0.17220296328106208,0.04494816468801555,0.21649652294712163,0.1461585725836786,0.3347586137501847,0.19333281300262753,0.12528843146348523,0.07970312473725172,0.29491543772663276,0.23043262973012762,0.31999709822780403,0.2830435352154111,0.21484757484966244,0.2326114389637561,0.27502640290681213,0.13585359618555298,0.23158122409483037,0.20175933738814877,0.12896969075209966,0.14850357355515462,0.15565007950662962,0.060309037751142366,0.34530807108063694,0.12936694855291364,0.3027640671362311,0.22451329251147462,0.1406292916698704,0.1986676029551072,0.37050329337513493,0.208853797037302,0.3128278228570422,0.21288693835744393,0.1979634161240553,0.15323173517480668,0.07730744754298478,0.19986552208695854,0.24873461357346216,0.22417863308857217,0.1869519528229405,0.2351185662851365,0.1811332025465185,0.1386805694838066,0.1096267231548143,0.2730808265205722,0.20364936408593856,0.1013779625936671,0.30401252018205566,0.15136330678969995,0.15398406507855777,0.15905858637890333,0.10209374272589435,0.33756418023301155,0.029454138762420798,0.18560614980115092,0.05140252811052646,0.24833498915320534,0.11464904541066784,0.11264126468224395,0.10451755036783145,0.22686791923356764,0.16338248334035468,0.11382076123648482,0.15200055258648318,0.1666075376421128,0.2435512244886006,0.14587842081610844,0.17966525154798693,0.16991163491070255,0.1552806397042517,0.2227872504621518,0.20684395923588061,0.15702424414321053,0.1496233191650898,0.09709562122048904,0.09271816070310168,0.14962237767129558,0.18800987260494972,0.10782158177116082,0.20475468143529163,0.11950374481264593,0.18612643538822718,0.2558892068294562,0.24097269278836703,0.03814534951960946,0.1710476152645613,0.11236347181993883,0.07870267305139195,0.20914936061278025,0.0750263190102659,0.07064545452088934,0.17535422903454842,0.12794951192337425,0.2543383950860582,0.179279740063877,0.19244325515218164,0.22507714790529731,0.14914869463913524,0.16191919453460987,0.24061105193331608,0.12262217578961597,0.15548096894892027,0.12388939808957833,0.10389949378536034,0.19437910487970433
F1-ask,0.48803227441940505,0.5224673384304408,0.3328608774273088,1.0,0.44252475338078023,0.6449944511519533,0.21138964095573906,0.11095356578908223,0.5993203523839775,0.3037609566076708,0.5130731550599957,0.5311352844254118,0.10545011710993868,0.12820012625863195,0.6921485628914389,0.3136481386567377,0.607642621629459,0.6304782796781191,0.17253113382722057,0.4206580553500711,0.38290835676677226,0.17630813455762823,0.5879164167227204,0.24788282636785733,0.25006333764205035,0.3792427253525228,0.19205055155176282,0.15276048631143838,0.7478852539135988,0.11438522426443563,0.6485833550736199,0.2030786272678282,0.10932095604996415,0.27986408710602373,0.7297978370459257,0.4984139914441268,0.7249419635187198,0.3780559165564406,0.4146162330269212,0.22025361591963852,0.04034175509527017,0.38643255360286816,0.36185281790930723,0.27000401580935196,0.24090029617762865,0.31385207330193887,0.3721392384946679,0.22556803535455444,0.12054506702319132,0.48765378658122194,0.3214807038928836,0.30345966698482746,0.5326023971468167,0.2598455899498786,0.2772602347895982,0.36975065569334764,0.2541139640456555,0.29743601018999,0.15567474023703023,0.29114693646014966,0.1951257857548192,0.44373929010872365,0.2923137321015213,0.3326162849541156,0.3656877882846986,0.46008738452784576,0.2881334687643192,0.2966008081895193,0.38580000683878013,0.4424612265639592,0.33535244959508037,0.38272534873717684,0.4149579249240448,0.14568190316163526,0.26243842231026915,0.39290371141741337,0.3555648184154565,0.2845999504823914,0.43916689240548346,0.23741080129514827,0.3061006584477616,0.25571412987114495,0.373364887766379,0.2331344684449584,0.4135019158613585,0.26421062516582183,0.29939784120765506,0.3858997605191996,0.43439068156619637,0.17313418096712066,0.2981118089685311,0.29047483054116735,0.3143333785510825,0.357857039729291,0.262357817098271,0.09750922352281648,0.31020513196118626,0.1611448410753603,0.3703995055439564,0.4397246099635057,0.3581464808303685,0.4815215820956596,0.3665403148859863,0.3295959705060584,0.4064011698991395,0.39134039255311787,0.4297390602731997,0.2965498181071216,0.1169786207103055,0.30318361479701345
F1-at,0.4604707978742533,0.36934945644838524,0.24465370037377218,0.44252475338078023,1.0,0.4271689949830058,0.17066915150527018,0.08011338934263362,0.4208835998651117,0.28380330861910674,0.41022535566303847,0.39567809045707103,0.08480291172943655,0.17798981702645306,0.40545190068619286,0.2850335326272071,0.4777708792429588,0.44486829080551926,0.12665746876708944,0.3601588267563286,0.3030968323705562,0.20631547518649054,0.4157524748015506,0.20519447849390224,0.21629935136446674,0.272719247749729,0.267489760768361,0.2067315701103498,0.4192474512534972,0.09116403952485351,0.47333763922269534,0.14336383138652986,0.09097989093421703,0.2501046566158063,0.5124513728019102,0.3711753809690552,0.4332752867296643,0.3478603143792914,0.4137698842412039,0.21538558226810306,-0.02443424098465574,0.3097259109305414,0.2447407951469816,0.23665078875365247,0.1998253926174958,0.36555070049979704,0.3184639577879456,0.13999429451971016,0.13214883425064347,0.32913520794873585,0.28225773582138947,0.19270131159064346,0.400381995939906,0.21553054583342873,0.20601915190413486,0.3213466455575029,0.08705672146510328,0.2840201752594702,0.13538954862378896,0.07921777106570103,0.18426696183569632,0.41598851535751014,0.2707195561248951,0.3092155053823231,0.2657219565167009,0.3171505945904415,0.18072669565607738,0.22510944758332546,0.2988898462954273,0.309735532804827,0.15532746140320905,0.29240072773188736,0.3395675388009962,0.025966288540843836,0.1591624019978253,0.24893655644379567,0.40079578347579053,0.29920931883304924,0.31124440307403495,0.22074625221470123,0.2052557527216819,0.20469394936782637,0.28202512621494047,0.29480002131911304,0.2961861660151555,0.3270091434605918,0.20978072123925004,0.29476780806340724,0.3928585569735643,0.2330957517794017,0.21432641592860852,0.25751633386858924,0.2178973483084393,0.306852859356002,0.23953652874808296,0.04544654167726286,0.28374793440273166,0.04404294544851432,0.2988444237706625,0.33646542049625683,0.3143239187253407,0.3870687874433013,0.3701991725251298,0.318012200667941,0.29083401151864524,0.26335824576406414,0.37106167270402407,0.3146071975338703,0.001294183813808892,0.2949092813798962
F1-bags,0.4455821418341872,0.4357960530192129,0.34769965824358395,0.6449944511519533,0.4271689949830058,1.0,0.3070367960079971,0.14286198279201232,0.5447608487446153,0.2928046494230776,0.5121656050495594,0.39308656258211155,0.11769545583258433,0.1958988237389212,0.5563913804985829,0.27628865580678663,0.5955873353922138,0.5657556035852958,0.0961148568252387,0.41632362571900383,0.4061270648132056,0.19639772964117252,0.5932140715393961,0.295507097258114,0.24160525201641297,0.3781911284694216,0.24223829619302711,0.1634673316199912,0.6547391251368423,0.17182796484117133,0.6441967742530006,0.2773414927430237,0.14841770848497413,0.3384259897619501,0.7048418385506903,0.4085945233745031,0.611963550376925,0.3880092459770291,0.34809349853961075,0.22695833181847216,0.05291637786712631,0.35941280821810384,0.34008462981764875,0.28198721570327584,0.34286554777380834,0.38226073888901685,0.388212299432575,0.287541805003204,0.18179461738862862,0.42680095103716054,0.342074950224866,0.23971435262003557,0.4991101275955429,0.22940699895676087,0.2425105533638394,0.42100005849015154,0.27946455239524304,0.262294853551424,0.03714416143357641,0.30453296750844316,0.13120454482483312,0.4331542295867926,0.33080420326558485,0.2901205790916074,0.31695983819258344,0.3652364987695829,0.2433185191100235,0.29377301801825495,0.4035411106157705,0.3746490038100945,0.3810663796900796,0.3500676719974876,0.36807213452343435,0.10317510493440309,0.30391749655695294,0.34330102453631123,0.3890579964496342,0.30120035216518626,0.3728130776226002,0.2795987264874708,0.2759593414454695,0.2951383583414244,0.38945222824631054,0.18283737727603774,0.35069975559926686,0.23016371784832104,0.41001549057130576,0.4158841365812716,0.5050691909406346,0.12230593250533021,0.2378907026603188,0.23381541785349072,0.2741797064195629,0.4319000687186316,0.35412671113049066,0.12183260007604638,0.3155568588927449,0.14019906324912781,0.39327424732968086,0.3983291923555436,0.38284527668996254,0.4473426972832833,0.3701671668113415,0.3951461814654714,0.3915551368165724,0.37922547393254624,0.36107125760896225,0.2532308231429982,0.04757692326497999,0.28615169304897375
F1-big,0.44536887458258234,0.3275710712944592,0.17220296328106208,0.21138964095573906,0.17066915150527018,0.3070367960079971,1.0,0.5289289107652948,0.33568708155237237,0.4251323484031716,0.378774301701333,0.2690495200333651,0.07337014544958383,0.37419745283018796,0.2932808855833899,0.20301582892506453,0.38493137189960713,0.29113485344976764,0.16653210222623827,0.2495686384391934,0.466694797736242,0.21511783670167575,0.4251340935755125,0.16766547763905285,0.21577936461532446,0.2198493587013842,0.3498313776388224,0.06370767975831755,0.3613129465399696,0.4433207991095867,0.3409290604808855,0.7678156116846128,0.08793262850792682,0.7034384249533213,0.28030557975568554,0.24234787370334182,0.2865924722331502,0.20596219717574815,0.2168703080241586,0.3557247929459358,0.20956133174920458,0.2244416552799773,0.3040341370357272,0.3456366320127799,0.6605224406130118,0.620147249396405,0.5157001416240029,0.8361175574997897,0.28165093062643376,0.298294853824163,0.17718806171205098,0.09136355786204887,0.2806038134102283,0.19852056754877548,0.3834465003611148,0.19272456011319214,0.285721851646962,0.14245160561714085,0.1089055350918566,0.1348829621610346,0.10750229797763848,0.2859442146406697,0.3001427336501117,0.32047317421713284,0.1937124055207463,0.13275526514133368,0.2095851057420984,0.11686730338578885,0.2310410623551361,0.24140787340089223,0.15278312404828037,0.1769034095432983,0.20294157240691887,0.10385477214814809,0.08776765410488016,0.13169350006569477,0.23110378865052406,0.15281320204786253,0.1628751382766476,0.12020524410438459,0.08992463536944552,0.2733756095733274,0.1776480834042777,0.10598420795144166,0.1962099324859582,0.1170620632277601,0.29407385735957775,0.17277578514881506,0.34497960636727415,0.07760303845017442,0.13113312628587392,0.08673218826857498,0.11313350742014178,0.13518354025283366,0.23810839361404273,0.16109718265375395,0.33565256632130935,0.27358967002404816,0.25265687121755465,0.2008873173571561,0.22369560750006898,0.2066373264920014,0.26714197134253315,0.17145096987133915,0.1939823076857469,0.18956961437143127,0.19707703145063438,0.09869042436460129,0.15963837845095336,0.18261403593577558
F1-blue,0.2667169142592526,0.2022819414774585,0.04494816468801555,0.11095356578908223,0.08011338934263362,0.14286198279201232,0.5289289107652948,1.0,0.2149265929530359,0.4640391167125982,0.1950689315912812,0.12255882893671938,0.03904398291929559,0.41287643021523196,0.19864822687977524,0.1589291283522655,0.34380546197524825,0.18917673686011102,0.1237242622014373,0.3115348591267024,0.39576668159408196,0.2650061356172177,0.2218705555865785,0.0998552360437831,0.25998011171373986,0.12570871957368912,0.31095957075890185,0.2920881262385196,0.19648272251740156,0.2781645270800808,0.20318211511485584,0.46056923521272064,0.1375573176568523,0.5786457474386383,0.16089709591840834,0.1578549464409596,0.16695635441967643,0.1446977859685925,0.2744592891217932,0.35028630019267054,0.09897864747087912,0.10757220647991009,0.30241059068049203,0.2751449235494645,0.3989292691417697,0.34213922571208144,0.28613551862514136,0.5100486175499895,0.4018842881665481,0.2012637929926734,0.13111802596951083,0.3303818706370991,0.11725103696119409,0.23678113597875922,0.23535650068505057,0.07911551170479975,0.19399651637769924,0.08444882824637089,0.053258033054799495,0.05545353512323321,0.07644411615745421,0.14877306536221685,0.4072895837281286,0.1705212414338754,0.13845365559304817,0.06949962686913135,0.1831357726565794,0.07834833980744553,0.13833872684955553,0.16487430555598154,0.09056657908533813,0.12820239591261198,0.12580598469903415,0.05366963838703576,0.14587593383721484,0.12302215733177414,0.22838357602420303,0.11615382252405597,0.05758706415612918,0.05708593528083029,0.054169599524268655,0.2633673402624506,0.08188437900630408,0.043966229940623804,0.06484996430197586,0.07564023759985757,0.21672811902843683,0.10990956066297948,0.23329490293406696,0.03332213252874739,0.06799464032452661,0.07806202206840422,0.008929337324431096,0.1236406874202147,0.13871633478464368,0.08783565325633738,0.17410789561430676,0.2911090526052698,0.19199801821320192,0.07098462659622952,0.09730683675657321,0.11282560225350782,0.1403962780994164,0.21693879914110412,0.09288231647156105,0.04399195332961089,0.10974777342420777,0.10413022222015729,0.19255894884694297,0.10620641513856562
F1-bob,0.5467354634891718,0.707809375048734,0.21649652294712163,0.5993203523839775,0.4208835998651117,0.5447608487446153,0.33568708155237237,0.2149265929530359,1.0,0.3768374127038676,0.6137075430484992,0.6921815452051832,0.20678960190186496,0.21839307795461246,0.7049580246511873,0.35443090279057626,0.633767808690583,0.8038332414419199,0.25510547853862037,0.5268689450684577,0.49029428944090037,0.18623937910167546,0.6393419407080418,0.27136065531509435,0.2814359113591339,0.38521525549204044,0.26447678974403865,0.1591596801985828,0.6307513364477741,0.2321556329891299,0.6314343205248147,0.3358220858031734,0.12811159496084243,0.3723631663442109,0.6043399556523071,0.651242064134773,0.5719827743557004,0.44333635938002697,0.5310156088637595,0.339559229056433,0.0771204197323443,0.4277636779567485,0.5172735226623091,0.3302624915879928,0.3470394305813268,0.34573812621416755,0.4782813740281063,0.3599257057818385,0.22838426574294438,0.5419623905299499,0.4201073234608735,0.3357458390077979,0.5322257076360322,0.40617889198229806,0.3374516168953462,0.4371906183650125,0.3009730295787149,0.4269780054801195,0.38648459776515104,0.3082839464729094,0.33692384608320913,0.4868673442541763,0.24346676537487488,0.6178223233424944,0.34097720378222907,0.49103832041954465,0.4114691277634459,0.30634420901348364,0.38289105840719534,0.5112761442917062,0.29792415937176875,0.3845063282343454,0.4608757952370448,0.22241915043400282,0.2741936764279364,0.38496314758553074,0.3274831773520795,0.2653812592229222,0.4358983043219468,0.24324600116015185,0.194738521635731,0.2538273758037251,0.34957593914653934,0.4089320212413006,0.329021877480933,0.2896713089621786,0.226180146357942,0.40648436739185706,0.4468449473670918,0.40669159656816856,0.3377313223301919,0.4410436144247501,0.29468637596089625,0.3800575058409757,0.2610126958921763,0.03523453821177519,0.34010193608698674,0.3009156744921183,0.4183516232566019,0.3979520047462885,0.3434692716136265,0.4847089822313571,0.32224924627470003,0.29877089456703415,0.3876461713413563,0.3537103640583817,0.4091467965567301,0.31593655857786773,0.1958140843225024,0.29139705572029423
F1-bring,0.4228128146825713,0.35937143881901557,0.1461585725836786,0.3037609566076708,0.28380330861910674,0.2928046494230776,0.4251323484031716,0.4640391167125982,0.3768374127038676,1.0,0.32970478558908956,0.35146368173137005,0.12984228454202776,0.29461097595633856,0.345823989257305,0.3417028472175872,0.5451754045466577,0.38686246100921096,0.25721178181384424,0.5189808604671103,0.5182163294211046,0.3013286142692071,0.4401311807042048,0.31060461555758706,0.174108954112037,0.3717209301410407,0.4003287409811573,0.45439941200039485,0.3114350577762336,0.1896915976724627,0.4132467281857015,0.40948605208796846,0.2455804067670258,0.6150447207919428,0.32977781568843534,0.360872649886591,0.3227959430876061,0.3869715605527104,0.5209260417423227,0.6139945530972765,0.1001568653833732,0.23055625869592525,0.36872709474371573,0.3705844272960614,0.15040191428344354,0.20291436326664414,0.43333796950719017,0.37349758596308874,0.23663315084961656,0.3716373705375375,0.3560724359626484,0.442545160583876,0.30052723525158315,0.4545968008609039,0.3994836369749876,0.188955799535145,0.13156921443798064,0.23430183001070404,0.1371137545544169,0.21067900832576936,0.13096286172063176,0.2560063489601035,0.3162478407853251,0.20094378450550773,0.21371396282260896,0.1973481601067143,0.21180595939308813,0.17001807821359438,0.22594102338004804,0.20302874496715625,0.11925080446599108,0.30405895012558765,0.20326733720557658,0.14234236160640237,0.2327254868511457,0.14183871201507992,0.29023543559734477,0.20905722513408667,0.19687718628926584,0.14302315779885855,0.09106219893832304,0.349043731022288,0.22847940119454768,0.18664606478446236,0.1365211425045714,0.24507198391971644,0.2578154736871786,0.29762229783226835,0.3541972114489978,0.1680984213344373,0.18775980323189395,0.12301136160939107,0.10971679002758306,0.26080613578095246,0.2504266534291123,0.14775346794990857,0.1042413858082758,0.20535820592447696,0.3314166240465032,0.18400276107725044,0.17743023017045076,0.1655711388022493,0.2225242200981533,0.1919527086262318,0.15641816568951822,0.14309992250619102,0.1921871796959795,0.20528064794087478,0.22531578995358129,0.2546580193015976
F1-brother,0.5551946228214552,0.5584577184684546,0.3347586137501847,0.5130731550599957,0.41022535566303847,0.5121656050495594,0.378774301701333,0.1950689315912812,0.6137075430484992,0.32970478558908956,1.0,0.5030919365830827,0.2182415455024735,0.2693846555287877,0.5871173895938424,0.36663125910646316,0.6334699323206707,0.6207021404855249,0.2263801334998555,0.49926357941420596,0.5926785502685218,0.22438094024226277,0.5485482592686246,0.27202858015582787,0.2690727318270559,0.3699525870784224,0.30673419191536155,0.14659581969764232,0.6087518393777601,0.31746453973008804,0.583379809898204,0.3734257690515611,0.12275032912829793,0.39665234717530323,0.5888306123540056,0.5183988812404777,0.5478281951844581,0.3837650031856813,0.4405953015111224,0.32501228813542504,0.11434003387933013,0.3772622814884112,0.5232792747560546,0.3538435110725473,0.4444274385856504,0.45981877755104356,0.5516055024833504,0.3637389594364843,0.23397791750026783,0.5033364669462055,0.3696310302156362,0.27096880846382426,0.4986498767773675,0.27913772976978574,0.3461352242433854,0.4309360618881106,0.31808421645210594,0.40723746484483664,0.2627631700949646,0.3467273103403614,0.35022926754620326,0.4939018311672682,0.23663506517623759,0.41902722202555687,0.3043218537993335,0.5209484389575276,0.2853059143596889,0.2821177612475024,0.4073634337605598,0.46663587107949,0.2655637265557523,0.4039674141286263,0.40990511730893087,0.18627381165000145,0.2945939294787969,0.36576832496329437,0.40184124801878734,0.34216652211154175,0.41525608543276965,0.27322261672338655,0.2475976741290567,0.3114161731908187,0.4028928465682292,0.4321222917796257,0.36400908579576347,0.39753433164533275,0.26986768673957245,0.42110501328162725,0.4681715144990919,0.37250345181315564,0.3195596176624446,0.41264098563296453,0.3403491897120263,0.33358787478578816,0.25965719012677085,0.16394246116116998,0.34124666091736194,0.28027233962675063,0.46699439502969126,0.3923450425470165,0.4059318146002769,0.42963354160424766,0.36722903927697426,0.3488740275791304,0.34159775848254886,0.35535856985491704,0.40847693811295543,0.3389603996590446,0.14984634427456592,0.33693542041495134
F1-call,0.4953334317722396,0.7579809646419784,0.19333281300262753,0.5311352844254118,0.39567809045707103,0.39308656258211155,0.2690495200333651,0.12255882893671938,0.6921815452051832,0.35146368173137005,0.5030919365830827,1.0,0.25392919188672597,0.15130814515847318,0.6158158587280078,0.36972937783142756,0.5234832968786004,0.6786815498177202,0.2893807658988062,0.44535873680623217,0.4065409243322729,0.10617077454759673,0.5033257019144934,0.26133793805629063,0.18098077397816018,0.3516556907993764,0.25154288901536576,0.12636414336388466,0.5420903423978579,0.2558007733784943,0.510512215365785,0.33247835958858096,0.053860007456842496,0.3102753258025488,0.45140812990608375,0.6930888184630624,0.4288699955287722,0.39328996771454694,0.4790921935993316,0.32591566013073986,0.10224749522533233,0.41215601888369735,0.42451159515654796,0.37039817609738174,0.3327004195067977,0.345767831331707,0.48021733165660524,0.2865838791556266,0.14468736686231,0.5279168108451019,0.4165830444812892,0.279132863554559,0.43833359637279556,0.37347344608167327,0.3117064178548585,0.3799765615267555,0.2596229788967694,0.482161873011735,0.48175429241724094,0.3277779956288142,0.3650914285730258,0.44368830785788654,0.13460376773784302,0.5175195486918603,0.3038528390515051,0.4404729304605424,0.4940429390044047,0.3371171318654388,0.3410142124037058,0.46920792888031065,0.19941933379907295,0.3678564234165528,0.37902376536323945,0.2061584790569537,0.1430240862411489,0.265740989309824,0.2858192443697507,0.2301927977556841,0.37558355235541735,0.2481160687188363,0.1922669642459033,0.22274084901098548,0.32443138843332253,0.39928862440413465,0.26265888478696053,0.3210893495014085,0.16304822449964668,0.3594074684144337,0.36868305717576977,0.4087030140392126,0.314538871400432,0.39528098523678007,0.26365627474247555,0.21995569727409528,0.18933133070114944,0.07622755798439412,0.2947927840798519,0.20194448410886992,0.37873295868041484,0.3828313028291537,0.3069952862834515,0.38025468103406385,0.2736658038327716,0.2074194776627778,0.2883068517473244,0.2993346844603534,0.3924029540046866,0.3553154063325516,0.12325774465457773,0.22291149061426438
F1-can,0.19981062636301936,0.1970890663900718,0.12528843146348523,0.10545011710993868,0.08480291172943655,0.11769545583258433,0.07337014544958383,0.03904398291929559,0.20678960190186496,0.12984228454202776,0.2182415455024735,0.25392919188672597,1.0,0.09480469542950136,0.18497523834383126,0.17491539297914857,0.1376983387658549,0.21612783613811679,0.11421673179553177,0.2397633084133521,0.24855838395128002,0.0243371479125184,0.18359985711493684,0.13081726171630847,0.17152385860054808,0.22239309237540997,0.0987755940899955,0.20276024406907187,0.14356699330566694,0.09929928991752837,0.14507450607326025,0.1403352440868066,0.026713989512842012,0.1266140636477378,0.12554054973693538,0.19394566084230508,0.12965966299212636,0.21572221320527712,0.14689944356896395,0.23600567815387638,0.04812098931826986,0.18167496984133802,0.1122530088611683,0.1831632714474603,0.18740202250303004,0.09040950483005132,0.19279712154988204,0.026723284268548878,0.18158493041960486,0.24184317664649435,0.24408445715789506,0.20760148369687093,0.2298304649084508,0.2694804635497228,0.27403899636841195,0.14612775374912682,0.10919970347930957,0.09334757352956355,0.09235702577903432,0.1280483220450188,0.10083760428410264,0.1722962863437579,0.03849161575920282,0.09672187065737439,0.12904065691508143,0.1460868287326727,0.16899957689614445,0.26494976351476196,0.081668428512332,0.13030337474392117,0.04688731257236864,0.12318763020416656,0.08674315921234747,0.07509186068557909,0.100701455964131,0.09648989267986445,0.11179083696973505,0.10462650519490901,0.10864535065128585,0.04534184128341346,0.05010455149371329,0.07934684570374896,0.08701802953357021,0.17030113771083386,0.037704343994636,0.17915768653385553,0.03960882233265576,0.10346809075567603,0.15867776196133918,0.11156491062777643,0.2235813974628095,0.0791742194084356,0.021092664955364323,0.10601228309154838,0.09391142267503226,-0.03638923833132734,0.07126857328843715,0.059815607867929096,0.17186407568928,0.06462430580148082,0.10744988508531515,0.12504750067050385,0.12477015523758268,0.15884030294328322,0.04129740187934878,0.01646186067253308,0.1528346443107686,0.14388670462364522,0.1199340110903457,0.20101789333042716
F1-cheese,0.21556411737963957,0.16484658517875628,0.07970312473725172,0.12820012625863195,0.17798981702645306,0.1958988237389212,0.37419745283018796,0.41287643021523196,0.21839307795461246,0.29461097595633856,0.2693846555287877,0.15130814515847318,0.09480469542950136,1.0,0.21828707038390116,0.259778329370928,0.3644044447434301,0.19282369741892633,0.1151230770970553,0.34209695962946257,0.34739995781479854,0.3697225242086738,0.12512149659155056,0.12302971382509033,0.3511058464265897,0.10398154501079453,0.2802895517113812,0.38526353433657057,0.20828788177344057,0.2986305472445971,0.16016487396733786,0.34114878883023375,0.15991788808195553,0.5397004311639617,0.2222425305892495,0.1521580759878119,0.20242169848406363,0.13104186001869775,0.29582293249508607,0.3953230131122799,0.16363929639224264,0.1649631432417041,0.23889748524378837,0.23946991306812376,0.5119246188558975,0.49969848778722376,0.46821918086405523,0.37611702445591155,0.3132657712226036,0.10481765854224485,0.2019789281236404,0.3486626293775413,0.20992013843363128,0.1615465527677315,0.22388467854275507,0.08682855105240889,0.20376241686035812,0.061490465218272054,0.06954656285303826,0.07894759260283096,0.05625698633167115,0.14776869219103925,0.25351695663290835,0.2144961713624913,0.08263038180936874,0.07235999024352915,0.1699737890764443,0.06647068812869592,0.16080517544847567,0.16450135008365135,0.06554828668836762,0.09708842288491303,0.13768026584402604,0.08219069091887167,0.19710237122207908,0.10359968855995329,0.24798615982448066,0.0796093221174622,0.051656603527742366,0.05796846685835394,0.02128371874984918,0.24945310671396048,0.06778176184383079,0.07957534052802663,0.06362501776518223,0.08681546533986452,0.16620982611399623,0.06377715342908274,0.24908366778135416,0.03937265843454316,0.11042639892918962,0.09553830183465745,-0.014595776751624734,0.18096292255399238,0.19783570271796563,0.10255570265943521,0.21543373027347543,0.3250841500325403,0.13166818149844395,0.07064476511755824,0.1443812266571163,0.13372341838644136,0.10586011156074125,0.19405615417430197,0.11405777869418328,0.029651345476245133,0.09259175241945777,0.1126834981023887,0.16898843854441747,0.1890561389408114
F1-five,0.5515887058547513,0.6499690052860173,0.29491543772663276,0.6921485628914389,0.40545190068619286,0.5563913804985829,0.2932808855833899,0.19864822687977524,0.7049580246511873,0.345823989257305,0.5871173895938424,0.6158158587280078,0.18497523834383126,0.21828707038390116,1.0,0.3367365698642628,0.6273867480691109,0.6860383051388931,0.23313683146189085,0.48034615099633976,0.44622134869779456,0.19118761473421347,0.532453253076855,0.28282761065564155,0.2932892418314534,0.33924967609728074,0.2677624578256684,0.14975006137204422,0.7087452900648668,0.2603649746805763,0.6369784978933294,0.32244680747648,0.11336232813251008,0.37175676099622373,0.6700541364323082,0.5585761124009154,0.6628182220523439,0.43608896123360935,0.45083815150867007,0.2789139870345959,0.07911934399932744,0.3981360107496898,0.381988768735,0.3596295461581874,0.3623773895300532,0.37338487220611144,0.49794025242409756,0.31813280379691633,0.2049395278236539,0.5286242376094176,0.42326237754599283,0.33478053555113985,0.49776863178484304,0.3372035043928715,0.2621837934347083,0.39098313144144087,0.2309903557423652,0.40480505350769214,0.37399919637842083,0.3587910297219416,0.3796371515854605,0.5157354900020985,0.22380490204185932,0.43246482616631,0.3417564772858409,0.38470068380314215,0.3103774169013481,0.3209657140560493,0.419800395220517,0.5022452138846779,0.2499246269730427,0.401068077434802,0.3821092741940263,0.12173595312113364,0.2552625748062404,0.2846221234670249,0.34524046972824374,0.33682560967167374,0.4198164888277128,0.2676405708091854,0.2629099837485888,0.23313978061859286,0.40450475885153236,0.39450939278085123,0.40084439480360357,0.34542721244049746,0.22983670589715827,0.42712200767555125,0.45838478797402954,0.4024970969364682,0.3032618740400669,0.3807596081385966,0.3034114727719182,0.3235580695178625,0.2381392856668214,0.10957063595509006,0.2921234800932567,0.1713353797325173,0.44367483022083126,0.4445860734844539,0.3715819397788059,0.448120179925299,0.3903247765454466,0.2924619030598946,0.2749722408980174,0.3559483241748531,0.4184746209511868,0.38226888681623644,0.189429630451217,0.2950883651108094
F1-for,0.4163168660146303,0.3270299265343021,0.23043262973012762,0.3136481386567377,0.2850335326272071,0.27628865580678663,0.20301582892506453,0.1589291283522655,0.35443090279057626,0.3417028472175872,0.36663125910646316,0.36972937783142756,0.17491539297914857,0.259778329370928,0.3367365698642628,1.0,0.4025072903447005,0.3525861966206852,0.22643213163943055,0.3983341680254316,0.484495872983652,0.27896404200529346,0.3040792672974568,0.34167130495387715,0.19272567981297126,0.30815508740127256,0.31239392250181697,0.2433077918399403,0.3594891208493258,0.22338596914504957,0.31424310095903873,0.2558719660265474,0.23169072449473652,0.29680696242488797,0.32687785594101115,0.3056931863358499,0.32325869094103915,0.291192222569895,0.44982881197981134,0.3547334577026293,0.08337029609429114,0.2332256198373658,0.37503360906373345,0.32079400694883037,0.27895192327305735,0.2874647302658361,0.4133074235267767,0.17934616647071583,0.22058770392159494,0.39410364699835193,0.38187473262148064,0.28328610569415225,0.3088925463365409,0.33913452616533063,0.24268554365327544,0.18703604371129118,0.1400134919949596,0.19838559828291968,0.14409424074899058,0.1966263457006953,0.1524554385821138,0.23767692715618913,0.1751555200449405,0.25122467974512597,0.15420315214207236,0.2439515028591371,0.20065325128389272,0.17486598889028615,0.22994137248510352,0.22996045686649724,0.33595732150626845,0.266583380091795,0.191049876544229,0.0880535595681916,0.1865651639029583,0.21652347483436724,0.21837609784160444,0.1919779449341212,0.1830208955426546,0.10689585509547342,0.12737270325480998,0.22160705076629253,0.1645489133475489,0.23638248913169152,0.10672102560521385,0.2741022907188328,0.15900307717342663,0.21947816900714248,0.2635615185110155,0.207397758734692,0.2147409973761119,0.15552176768425502,0.07674245833525632,0.2527085092706344,0.21812082537669247,0.1094088556449002,0.13562574149043974,0.14930397843907497,0.2394024773106018,0.21977577495795766,0.2533203734133102,0.2152537806042804,0.22172593182360478,0.19648443287508588,0.22348393610995765,0.10100020232120846,0.185488997902251,0.19243460747433566,0.15969346591542202,0.16173624031849954
F1-fresh,0.5596123554008229,0.5599683459626769,0.31999709822780403,0.607642621629459,0.4777708792429588,0.5955873353922138,0.38493137189960713,0.34380546197524825,0.633767808690583,0.5451754045466577,0.6334699323206707,0.5234832968786004,0.1376983387658549,0.3644044447434301,0.6273867480691109,0.4025072903447005,1.0,0.6749098540691562,0.24450878440995283,0.6255906828767271,0.5739924181974129,0.38336932722981504,0.636577399096235,0.31276576163843145,0.31144737340645967,0.43457887247163723,0.44064846161560234,0.3841689034326108,0.7011685761726992,0.2938477746577273,0.777504465408873,0.35999328631210203,0.2643400617229937,0.5834764955390015,0.6951402174182238,0.5257890518009567,0.6099746038591392,0.46659248812368714,0.6074928636823285,0.3909640180072081,0.08680582278736866,0.40850048809720146,0.4827413860999715,0.4137830467831237,0.38918357397417674,0.4375758303650089,0.4760755514138012,0.35920207615411714,0.3292200028222651,0.5250243013947772,0.41578865644745167,0.405194235715123,0.646354968671668,0.3866264370349951,0.34673575439173154,0.4220611163895292,0.3204803270295567,0.35483052871860266,0.17409306655463694,0.29043590695731,0.19231553520587708,0.47603187806429437,0.37867538019881297,0.43697695617494253,0.3257052962390995,0.39800193830373287,0.3251316049633022,0.2861097775155922,0.44160642079434664,0.41864215437204705,0.35712843357867124,0.38276971470601634,0.40541843172895226,0.17396357721550476,0.36039737163925745,0.3802110317287105,0.4209612300571335,0.2623846885753104,0.4291329378346864,0.3084833264532838,0.26779385118175947,0.44562064924190214,0.4580223140497379,0.27078742036650355,0.38738338490010743,0.23844258719678157,0.3293949663450679,0.4759193704475791,0.5418510719347379,0.19481801064312187,0.3135820708403191,0.2751652905081416,0.30405865352999367,0.4573872335140244,0.2797009510829248,0.13247842821799194,0.3379067560625189,0.24753547191898617,0.45481925195991985,0.396396380810151,0.4176159228157672,0.4636061375478982,0.36433287025898015,0.4082873886319918,0.3609213963169877,0.361981333884033,0.4664533384876186,0.24664568720054778,0.18884246743102537,0.3182245758231908
F1-frog,0.5353608246027962,0.7176731663039176,0.2830435352154111,0.6304782796781191,0.44486829080551926,0.5657556035852958,0.29113485344976764,0.18917673686011102,0.8038332414419199,0.38686246100921096,0.6207021404855249,0.6786815498177202,0.21612783613811679,0.19282369741892633,0.6860383051388931,0.3525861966206852,0.6749098540691562,1.0,0.2364932406408833,0.5397084754303978,0.46300524322756365,0.182550265315567,0.627838422124571,0.2839143506853911,0.25367763199201643,0.4153715991067411,0.26250948350177294,0.203023469097189,0.6402602576371453,0.21430543239760771,0.6828061223624773,0.32228136196223417,0.13457886142765896,0.38036264335261916,0.6899158184884542,0.6611652010004296,0.5870978693698604,0.4705794732255743,0.5329159406054456,0.33829143255020394,0.08343445499000139,0.46202473806846894,0.536160618414778,0.3361506928980028,0.3009695958231552,0.3496181509615113,0.48597346097230126,0.3028100265667432,0.22486467404218222,0.5946021893006604,0.4436286404312198,0.334678519624883,0.5597650939959121,0.3992107712909872,0.3339157842070604,0.4465257698825167,0.29544969084895706,0.47185428373101723,0.3703555189382332,0.38794384422026,0.31227553094728316,0.5022374539133252,0.2826425269347585,0.5381000557733767,0.31166377899352365,0.5289586525503195,0.40330094366206115,0.34859942484666195,0.40346683656003085,0.5025799404305427,0.3839083393604503,0.3693241447632137,0.6019895468976075,0.22378494870456417,0.27128466346533053,0.4002176847643559,0.3713872341816813,0.3001188219347725,0.44206334600799146,0.2903386134549885,0.18902341576111262,0.2873508242232959,0.38772120354819206,0.4179551005307473,0.38693938231085906,0.2770602510596743,0.26222055009308765,0.39243718735590094,0.4790310949789562,0.37002790860063295,0.3680015424178867,0.4140131282061574,0.3111430837983993,0.3547082896242813,0.2407013199929919,0.08411259445046192,0.36292305817602494,0.29241583323912745,0.46243128733162225,0.37875075333426084,0.36791677413219265,0.4829986466416428,0.3239282281445653,0.3126155734933131,0.4335219833799233,0.37872327946526396,0.4265451515994083,0.3257909757532171,0.161785933496456,0.31038550595953185
